5.57042e-07 -5.57042e-07 5.30516e-08 2.2547e-07 -3.05047e-07 -3.60751e-07 -5.30516e-08 
5.26345e-07 -6.46394e-07 4.23852e-08 2.37968e-07 -2.24907e-07 -3.95328e-07 -3.03191e-08 
2.13709e-07 -1.49024e-06 -5.95306e-08 4.17983e-07 6.26391e-07 -7.3126e-07 2.20339e-07 
-6.75974e-07 -3.98343e-06 -3.1915e-07 9.97442e-07 3.26429e-06 -1.72714e-06 1.0189e-06 
-2.36729e-06 -8.97387e-06 -7.43235e-07 2.23426e-06 8.77513e-06 -3.72391e-06 2.73115e-06 
-5.0145e-06 -1.72577e-05 -1.27919e-06 4.41362e-06 1.83122e-05 -7.04432e-06 5.76764e-06 
-8.70231e-06 -2.95786e-05 -1.81568e-06 7.84841e-06 3.30934e-05 -1.19937e-05 1.05829e-05 
-1.34469e-05 -4.66269e-05 -2.18333e-06 1.28796e-05 5.4399e-05 -1.88606e-05 1.76747e-05 
-1.91968e-05 -6.90396e-05 -2.15547e-06 1.98767e-05 8.3569e-05 -2.7918e-05 2.75831e-05 
-2.58342e-05 -9.73989e-05 -1.449e-06 2.92378e-05 0.000122001 -3.94238e-05 4.08896e-05 
-3.3176e-05 -0.000132233 2.74709e-07 4.13903e-05 0.000171146 -5.36218e-05 5.82159e-05 
-4.09752e-05 -0.000174014 3.40881e-06 5.67909e-05 0.000232509 -7.07426e-05 8.02233e-05 
-4.89224e-05 -0.00022316 8.39994e-06 7.59258e-05 0.000307643 -9.10047e-05 0.000107611 
-5.66469e-05 -0.000280033 1.57471e-05 9.9311e-05 0.000398148 -0.000114615 0.000141116 
-6.37189e-05 -0.000344938 2.60003e-05 0.000127493 0.000505667 -0.000141771 0.00018151 
-6.96505e-05 -0.000418127 3.97595e-05 0.000161046 0.000631883 -0.00017266 0.000229601 
-7.38978e-05 -0.000499793 5.76734e-05 0.000200579 0.000778518 -0.00020746 0.000286227 
-7.58628e-05 -0.000590077 8.04376e-05 0.000246726 0.000947328 -0.000246345 0.000352262 
-7.4895e-05 -0.000689061 0.000108793 0.000300155 0.0011401 -0.000289478 0.000428607 
-7.02935e-05 -0.000796774 0.000143526 0.000361561 0.00135865 -0.000337021 0.000516195 
-6.13091e-05 -0.00091319 0.000185464 0.000431673 0.00160481 -0.00038913 0.000615983 
-4.71462e-05 -0.00103823 0.000235476 0.000511247 0.00188046 -0.000445957 0.000728957 
-2.69653e-05 -0.00117175 0.000294471 0.000601069 0.00218746 -0.000507654 0.000856125 
1.15049e-07 -0.00131357 0.000363395 0.000701956 0.00252773 -0.00057437 0.000998519 
3.50159e-05 -0.00146345 0.000443228 0.000814755 0.00290315 -0.000646254 0.00115719 
7.86956e-05 -0.0016211 0.000534987 0.000940339 0.00331566 -0.000723458 0.00133321 
0.000132147 -0.00178616 0.000639718 0.00107961 0.00376716 -0.000806136 0.00152768 
0.000196396 -0.00195824 0.0007585 0.00123351 0.00425959 -0.000894442 0.00174168 
0.000272498 -0.0021369 0.000892438 0.001403 0.00479486 -0.000988538 0.00197635 
0.000361535 -0.00232164 0.00104266 0.00158905 0.0053749 -0.00108859 0.00223282 
0.000464615 -0.00251192 0.00121033 0.0017927 0.0060016 -0.00119477 0.00251222 
0.000582868 -0.00270716 0.00139662 0.00201498 0.00667687 -0.00130726 0.0028157 
0.000717443 -0.00290672 0.00160273 0.00225696 0.00740258 -0.00142624 0.00314443 
0.000869506 -0.00310991 0.00182988 0.00251974 0.00818059 -0.00155192 0.00349956 
0.00104024 -0.00331602 0.00207929 0.00280443 0.00901275 -0.00168451 0.00388225 
0.00123083 -0.00352429 0.00235221 0.0031122 0.00990086 -0.00182421 0.00429366 
0.00144248 -0.00373392 0.00264989 0.0034442 0.0108467 -0.00197127 0.00473497 
0.0016764 -0.00394405 0.0029736 0.00380162 0.0118521 -0.00212593 0.00520733 
0.0019338 -0.00415381 0.00332462 0.00418569 0.0129186 -0.00228845 0.00571189 
0.00221588 -0.00436229 0.0037042 0.00459765 0.0140481 -0.0024591 0.0062498 
0.00252385 -0.00456854 0.00411365 0.00503874 0.0152421 -0.00263819 0.00682219 
0.00285893 -0.00477157 0.00455422 0.00551024 0.0165021 -0.002826 0.00743019 
0.00322229 -0.00497037 0.00502719 0.00601347 0.0178299 -0.00302288 0.00807492 
0.00361512 -0.0051639 0.00553384 0.00654973 0.0192268 -0.00322917 0.00875747 
0.0040386 -0.0053511 0.00607542 0.00712036 0.0206942 -0.00344523 0.00947893 
0.00449388 -0.00553086 0.0066532 0.0077267 0.0222337 -0.00367144 0.0102403 
0.0049821 -0.00570207 0.00726841 0.00837013 0.0238464 -0.00390821 0.0110428 
0.00550435 -0.00586359 0.00792228 0.00905203 0.0255336 -0.00415597 0.0118872 
0.00606175 -0.00601426 0.00861602 0.00977379 0.0272966 -0.00441517 0.0127747 
0.00665534 -0.0061529 0.00935083 0.0105368 0.0291364 -0.00468627 0.0137061 
0.00728617 -0.00627832 0.0101279 0.0113425 0.0310541 -0.00496978 0.0146824 
0.00795522 -0.00638931 0.0109483 0.0121924 0.0330507 -0.00526621 0.0157046 
0.00866347 -0.00648466 0.0118133 0.0130877 0.035127 -0.00557611 0.0167735 
0.00941184 -0.00656313 0.0127238 0.0140301 0.0372839 -0.00590005 0.0178899 
0.0102012 -0.00662349 0.013681 0.015021 0.039522 -0.00623861 0.0190547 
0.0110325 -0.0066645 0.014686 0.0160617 0.0418422 -0.00659242 0.0202685 
0.0119064 -0.00668491 0.0157396 0.0171539 0.0442449 -0.00696213 0.0215322 
0.0128237 -0.00668349 0.016843 0.0182988 0.0467306 -0.00734841 0.0228465 
0.0137851 -0.00665897 0.0179969 0.0194981 0.0492997 -0.00775195 0.0242119 
0.0147913 -0.00661013 0.0192024 0.0207532 0.0519524 -0.00817348 0.0256291 
0.0158429 -0.00653572 0.0204602 0.0220655 0.0546891 -0.00861375 0.0270986 
0.0169404 -0.00643451 0.0217711 0.0234365 0.0575098 -0.00907355 0.0286209 
0.0180843 -0.00630529 0.023136 0.0248677 0.0604145 -0.00955367 0.0301966 
0.0192751 -0.00614685 0.0245554 0.0263606 0.0634031 -0.010055 0.0318259 
0.020513 -0.00595799 0.0260302 0.0279165 0.0664754 -0.0105783 0.0335093 
0.0217985 -0.00573753 0.0275608 0.029537 0.0696312 -0.0111245 0.0352471 
0.0231317 -0.00548432 0.0291479 0.0312234 0.07287 -0.0116945 0.0370396 
0.0245128 -0.00519721 0.0307919 0.0329772 0.0761914 -0.0122894 0.0388868 
0.0259419 -0.00487508 0.0324934 0.0347999 0.0795947 -0.0129099 0.040789 
0.0274191 -0.00451684 0.0342526 0.0366927 0.0830793 -0.0135572 0.0427463 
0.0289443 -0.00412143 0.03607 0.0386572 0.0866444 -0.0142322 0.0447587 
0.0305174 -0.0036878 0.0379457 0.0406946 0.0902889 -0.0149361 0.0468261 
0.0321383 -0.00321494 0.0398801 0.0428064 0.094012 -0.0156697 0.0489486 
0.0338066 -0.00270189 0.0418732 0.0449938 0.0978125 -0.0164344 0.0511258 
0.035522 -0.00214768 0.0439251 0.0472582 0.101689 -0.0172311 0.0533576 
0.0372842 -0.00155143 0.0460359 0.0496009 0.10564 -0.0180611 0.0556438 
0.0390927 -0.000912264 0.0482055 0.0520231 0.109665 -0.0189254 0.057984 
0.0409468 -0.000229348 0.0504338 0.0545262 0.113762 -0.0198253 0.0603778 
0.042846 0.0004981 0.0527207 0.0571113 0.117929 -0.0207621 0.0628247 
0.0447895 0.00127082 0.0550658 0.0597796 0.122164 -0.0217368 0.0653242 
0.0467766 0.00208952 0.0574688 0.0625322 0.126465 -0.0227508 0.0678758 
0.0488063 0.00295485 0.0599295 0.0653705 0.130831 -0.0238053 0.0704788 
0.0508776 0.0038674 0.0624472 0.0682953 0.13526 -0.0249017 0.0731324 
0.0529897 0.00482773 0.0650215 0.0713079 0.139748 -0.0260412 0.0758359 
0.0551413 0.00583634 0.0676518 0.0744093 0.144295 -0.0272251 0.0785885 
0.0573312 0.00689369 0.0703373 0.0776004 0.148897 -0.0284548 0.0813891 
0.0595582 0.00800015 0.0730775 0.0808823 0.153553 -0.0297317 0.084237 
0.0618208 0.00915608 0.0758713 0.0842558 0.158258 -0.0310571 0.0871309 
0.0641178 0.0103618 0.078718 0.087722 0.163012 -0.0324323 0.0900699 
0.0664475 0.0116174 0.0816166 0.0912816 0.167811 -0.0338589 0.0930527 
0.0688084 0.0129232 0.084566 0.0949354 0.172651 -0.0353381 0.0960782 
0.0711988 0.0142792 0.0875652 0.0986843 0.177531 -0.0368713 0.099145 
0.0736169 0.0156855 0.0906129 0.102529 0.182448 -0.0384601 0.102252 
0.076061 0.017142 0.093708 0.10647 0.187397 -0.0401057 0.105397 
0.0785292 0.0186487 0.096849 0.110508 0.192376 -0.0418097 0.10858 
0.0810194 0.0202054 0.100035 0.114644 0.197381 -0.0435734 0.111798 
0.0835296 0.021812 0.103263 0.118878 0.202409 -0.0453983 0.11505 
0.0860579 0.0234681 0.106534 0.123211 0.207457 -0.0472857 0.118334 
0.0886018 0.0251733 0.109844 0.127643 0.212522 -0.0492372 0.121649 
0.0911593 0.0269274 0.113193 0.132175 0.217598 -0.0512542 0.124993 
0.0937281 0.0287297 0.116578 0.136807 0.222683 -0.053338 0.128364 
0.0963056 0.0305798 0.119998 0.141539 0.227774 -0.0554901 0.13176 
0.0988896 0.0324771 0.123451 0.146371 0.232865 -0.0577118 0.135179 
0.101478 0.0344208 0.126935 0.151305 0.237954 -0.0600046 0.13862 
0.104067 0.0364102 0.130447 0.156339 0.243037 -0.0623699 0.14208 
0.106655 0.0384445 0.133987 0.161474 0.248108 -0.064809 0.145557 
0.109239 0.0405228 0.137552 0.166709 0.253165 -0.0673232 0.149049 
0.111817 0.0426442 0.141139 0.172046 0.258204 -0.069914 0.152554 
0.114385 0.0448076 0.144746 0.177484 0.26322 -0.0725826 0.15607 
0.116941 0.0470119 0.148372 0.183022 0.268208 -0.0753303 0.159595 
0.119482 0.0492561 0.152013 0.188661 0.273166 -0.0781585 0.163126 
0.122005 0.0515387 0.155668 0.1944 0.278088 -0.0810684 0.16666 
0.124508 0.0538587 0.159333 0.200239 0.28297 -0.0840611 0.170197 
0.126986 0.0562145 0.163007 0.206178 0.287808 -0.087138 0.173732 
0.129438 0.0586049 0.166687 0.212216 0.292598 -0.0903002 0.177264 
0.13186 0.0610282 0.17037 0.218352 0.297336 -0.0935489 0.180791 
0.134249 0.063483 0.174053 0.224586 0.302016 -0.0968851 0.184309 
0.136602 0.0659677 0.177735 0.230918 0.306635 -0.10031 0.187817 
0.138916 0.0684805 0.181411 0.237346 0.311188 -0.103825 0.191312 
0.141188 0.0710197 0.18508 0.243871 0.315672 -0.10743 0.194791 
0.143415 0.0735835 0.188739 0.25049 0.320081 -0.111127 0.198252 
0.145593 0.0761702 0.192384 0.257204 0.324411 -0.114917 0.201692 
0.14772 0.0787777 0.196014 0.264012 0.328658 -0.1188 0.205108 
0.149792 0.081404 0.199624 0.270912 0.332817 -0.122777 0.208499 
0.151806 0.0840473 0.203213 0.277903 0.336885 -0.12685 0.211861 
0.153759 0.0867053 0.206777 0.284985 0.340857 -0.131019 0.215192 
0.155648 0.0893761 0.210313 0.292155 0.344728 -0.135285 0.218489 
0.15747 0.0920573 0.213818 0.299414 0.348495 -0.139647 0.221749 
0.159221 0.0947467 0.21729 0.306759 0.352154 -0.144108 0.224971 
0.160898 0.0974422 0.220725 0.314189 0.355699 -0.148668 0.228151 
0.162499 0.100141 0.22412 0.321703 0.359127 -0.153326 0.231286 
0.16402 0.102842 0.227473 0.3293 0.362435 -0.158084 0.234375 
0.165459 0.105541 0.23078 0.336977 0.365617 -0.162942 0.237415 
0.166811 0.108237 0.234038 0.344734 0.36867 -0.1679 0.240402 
0.168075 0.110927 0.237244 0.352568 0.37159 -0.172958 0.243335 
0.169247 0.113608 0.240396 0.360479 0.374374 -0.178118 0.246211 
0.170324 0.116278 0.24349 0.368463 0.377017 -0.183378 0.249028 
0.171304 0.118934 0.246523 0.37652 0.379516 -0.188739 0.251782 
0.172183 0.121575 0.249492 0.384648 0.381866 -0.194201 0.254472 
0.17296 0.124196 0.252394 0.392844 0.384066 -0.199765 0.257095 
0.17363 0.126796 0.255226 0.401106 0.386111 -0.205429 0.259649 
0.174192 0.129371 0.257986 0.409433 0.387997 -0.211194 0.262131 
0.174643 0.13192 0.26067 0.417823 0.389722 -0.217059 0.264539 
0.17498 0.134438 0.263276 0.426273 0.391283 -0.223025 0.266871 
0.175201 0.136925 0.2658 0.434782 0.392675 -0.229091 0.269124 
0.175303 0.139376 0.26824 0.443346 0.393897 -0.235256 0.271297 
0.175284 0.14179 0.270592 0.451965 0.394945 -0.241519 0.273386 
0.175142 0.144163 0.272855 0.460634 0.395817 -0.247882 0.275391 
0.174875 0.146492 0.275026 0.469353 0.39651 -0.254342 0.277309 
0.174481 0.148775 0.277101 0.478119 0.397021 -0.260898 0.279138 
0.173957 0.151009 0.279078 0.486929 0.397347 -0.267551 0.280876 
0.173301 0.153192 0.280954 0.49578 0.397488 -0.2743 0.282521 
0.172513 0.15532 0.282728 0.504671 0.39744 -0.281142 0.284072 
0.171589 0.157391 0.284395 0.513599 0.397201 -0.288078 0.285526 
0.170528 0.159402 0.285955 0.52256 0.396769 -0.295106 0.286883 
0.16933 0.16135 0.287405 0.531554 0.396143 -0.302225 0.288139 
0.167991 0.163233 0.288741 0.540575 0.395321 -0.309434 0.289295 
0.166512 0.165048 0.289963 0.549623 0.394301 -0.316731 0.290348 
0.16489 0.166792 0.291067 0.558695 0.393082 -0.324116 0.291297 
0.163125 0.168463 0.292052 0.567787 0.391663 -0.331586 0.29214 
0.161215 0.170057 0.292916 0.576897 0.390042 -0.33914 0.292877 
0.15916 0.171573 0.293656 0.586021 0.388218 -0.346776 0.293506 
0.156959 0.173008 0.29427 0.595158 0.386191 -0.354493 0.294026 
0.15461 0.17436 0.294758 0.604304 0.38396 -0.36229 0.294437 
0.152114 0.175625 0.295116 0.613457 0.381524 -0.370163 0.294736 
0.14947 0.176802 0.295344 0.622613 0.378883 -0.378112 0.294924 
0.146678 0.177887 0.295439 0.63177 0.376036 -0.386134 0.295 
0.143737 0.17888 0.2954 0.640924 0.372984 -0.394227 0.294962 
0.140647 0.179776 0.295226 0.650073 0.369727 -0.402389 0.294811 
0.137409 0.180575 0.294916 0.659213 0.366264 -0.410618 0.294546 
0.134022 0.181274 0.294467 0.668343 0.362596 -0.418912 0.294166 
0.130486 0.181871 0.293879 0.677458 0.358724 -0.427267 0.293672 
0.126803 0.182363 0.293151 0.686555 0.354647 -0.435683 0.293062 
0.122972 0.182749 0.292282 0.695633 0.350368 -0.444157 0.292338 
0.118994 0.183027 0.29127 0.704687 0.345886 -0.452685 0.291498 
0.114871 0.183194 0.290116 0.713714 0.341204 -0.461265 0.290544 
0.110602 0.183249 0.288817 0.722713 0.336321 -0.469895 0.289474 
0.106189 0.183191 0.287375 0.731678 0.33124 -0.478572 0.28829 
0.101632 0.183017 0.285787 0.740609 0.325962 -0.487294 0.286992 
0.0969345 0.182726 0.284054 0.749501 0.320489 -0.496056 0.28558 
0.0920962 0.182316 0.282176 0.758352 0.314823 -0.504857 0.284054 
0.087119 0.181786 0.280151 0.767158 0.308965 -0.513694 0.282417 
0.0820046 0.181134 0.277981 0.775917 0.302918 -0.522563 0.280667 
0.0767547 0.180359 0.275664 0.784625 0.296684 -0.531462 0.278807 
0.0713713 0.179461 0.273202 0.79328 0.290265 -0.540387 0.276837 
0.0658564 0.178436 0.270594 0.801879 0.283664 -0.549335 0.274757 
0.060212 0.177286 0.26784 0.810418 0.276884 -0.558303 0.272571 
0.0544404 0.176008 0.264941 0.818896 0.269928 -0.567288 0.270277 
0.0485441 0.174602 0.261898 0.827308 0.262798 -0.576287 0.267879 
0.0425256 0.173066 0.25871 0.835652 0.255498 -0.585296 0.265377 
0.0363874 0.171401 0.255379 0.843926 0.248031 -0.594312 0.262773 
0.0301322 0.169605 0.251906 0.852126 0.2404 -0.603331 0.260068 
0.023763 0.167678 0.248291 0.860249 0.232608 -0.61235 0.257264 
0.0172826 0.16562 0.244535 0.868293 0.224661 -0.621366 0.254364 
0.0106942 0.16343 0.24064 0.876255 0.21656 -0.630376 0.251369 
0.00400093 0.161108 0.236607 0.884133 0.208311 -0.639374 0.24828 
-0.00279395 0.158653 0.232436 0.891923 0.199917 -0.648359 0.245101 
-0.00968705 0.156066 0.22813 0.899623 0.191382 -0.657327 0.241833 
-0.0166749 0.153347 0.22369 0.907231 0.182711 -0.666274 0.238478 
-0.0237538 0.150495 0.219117 0.914743 0.173907 -0.675196 0.235039 
-0.0309202 0.147512 0.214414 0.922158 0.164975 -0.684089 0.231519 
-0.0381704 0.144397 0.209581 0.929472 0.155921 -0.692951 0.227919 
-0.0455003 0.14115 0.204622 0.936684 0.146748 -0.701778 0.224243 
-0.0529061 0.137773 0.199537 0.943791 0.137461 -0.710566 0.220493 
-0.0603837 0.134265 0.19433 0.95079 0.128064 -0.719311 0.216672 
-0.0679291 0.130628 0.189001 0.957679 0.118564 -0.728009 0.212782 
-0.075538 0.126863 0.183554 0.964456 0.108965 -0.736658 0.208827 
-0.0832061 0.122969 0.177991 0.971119 0.0992715 -0.745253 0.20481 
-0.0909291 0.118949 0.172314 0.977666 0.0894892 -0.753791 0.200733 
-0.0987027 0.114803 0.166526 0.984094 0.0796233 -0.762269 0.1966 
-0.106522 0.110532 0.16063 0.990401 0.0696789 -0.770682 0.192414 
-0.114383 0.106138 0.154627 0.996585 0.0596615 -0.779027 0.188178 
-0.122281 0.101623 0.148522 1.00264 0.0495765 -0.7873 0.183896 
-0.130212 0.0969865 0.142316 1.00858 0.0394293 -0.795498 0.17957 
-0.13817 0.0922315 0.136013 1.01438 0.0292253 -0.803618 0.175205 
-0.14615 0.0873592 0.129616 1.02006 0.0189702 -0.811656 0.170803 
-0.154149 0.0823714 0.123127 1.0256 0.00866961 -0.819608 0.166368 
-0.162161 0.07727 0.116551 1.03101 -0.00167095 -0.827471 0.161905 
-0.170182 0.0720568 0.109889 1.03628 -0.0120458 -0.835242 0.157415 
-0.178206 0.0667339 0.103146 1.04142 -0.0224492 -0.842917 0.152904 
-0.186228 0.0613034 0.0963254 1.04642 -0.0328755 -0.850493 0.148374 
-0.194245 0.0557673 0.0894295 1.05127 -0.0433191 -0.857966 0.143829 
-0.20225 0.0501281 0.0824624 1.05599 -0.053774 -0.865334 0.139274 
-0.210239 0.0443879 0.0754274 1.06056 -0.0642347 -0.872594 0.134711 
-0.218207 0.0385493 0.0683283 1.06499 -0.0746954 -0.879741 0.130145 
-0.226149 0.0326147 0.0611686 1.06928 -0.0851503 -0.886773 0.12558 
-0.234059 0.0265867 0.053952 1.07342 -0.0955937 -0.893687 0.121019 
-0.241934 0.0204678 0.0466821 1.07741 -0.10602 -0.90048 0.116466 
-0.249768 0.014261 0.0393629 1.08125 -0.116423 -0.907149 0.111926 
-0.257557 0.00796879 0.031998 1.08494 -0.126798 -0.913691 0.107401 
-0.265294 0.00159417 0.0245913 1.08849 -0.137139 -0.920103 0.102896 
-0.272976 -0.00485997 0.0171466 1.09188 -0.147439 -0.926384 0.098415 
-0.280597 -0.0113907 0.00966793 1.09512 -0.157695 -0.932529 0.0939615 
-0.288153 -0.0179949 0.00215912 1.09821 -0.167899 -0.938536 0.0895396 
-0.295639 -0.0246696 -0.00537587 1.10114 -0.178047 -0.944403 0.085153 
-0.303051 -0.0314115 -0.0129331 1.10393 -0.188133 -0.950128 0.0808058 
-0.310383 -0.0382175 -0.0205085 1.10655 -0.198152 -0.955708 0.0765017 
-0.31763 -0.0450844 -0.0280981 1.10903 -0.208098 -0.96114 0.0722446 
-0.324789 -0.0520088 -0.035698 1.11134 -0.217967 -0.966423 0.0680383 
-0.331855 -0.0589874 -0.043304 1.11351 -0.227752 -0.971554 0.0638867 
-0.338823 -0.0660169 -0.0509123 1.11551 -0.237449 -0.976532 0.0597935 
-0.345689 -0.0730937 -0.0585186 1.11736 -0.247053 -0.981354 0.0557624 
-0.352449 -0.0802144 -0.066119 1.11906 -0.256558 -0.986018 0.0517973 
-0.359097 -0.0873757 -0.0737096 1.1206 -0.265961 -0.990524 0.0479017 
-0.365632 -0.0945738 -0.0812862 1.12198 -0.275256 -0.994868 0.0440793 
-0.372047 -0.101805 -0.0888448 1.12321 -0.284438 -0.99905 0.0403337 
-0.378339 -0.109067 -0.0963815 1.12428 -0.293503 -1.00307 0.0366685 
-0.384504 -0.116354 -0.103892 1.1252 -0.302446 -1.00692 0.0330872 
-0.390539 -0.123664 -0.111373 1.12596 -0.311263 -1.01061 0.0295932 
-0.396439 -0.130993 -0.11882 1.12657 -0.31995 -1.01412 0.02619 
-0.402201 -0.138338 -0.12623 1.12702 -0.328502 -1.01747 0.0228808 
-0.407822 -0.145694 -0.133597 1.12732 -0.336915 -1.02065 0.0196691 
-0.413298 -0.153058 -0.14092 1.12747 -0.345186 -1.02366 0.0165579 
-0.418626 -0.160426 -0.148193 1.12746 -0.353311 -1.02649 0.0135506 
-0.423803 -0.167795 -0.155413 1.1273 -0.361285 -1.02916 0.0106501 
-0.428825 -0.175161 -0.162576 1.12698 -0.369106 -1.03165 0.00785941 
-0.433689 -0.182521 -0.169678 1.12652 -0.37677 -1.03396 0.00518159 
-0.438394 -0.18987 -0.176717 1.12591 -0.384273 -1.03611 0.00261945 
-0.442936 -0.197205 -0.183687 1.12515 -0.391613 -1.03808 0.000175792 
-0.447312 -0.204523 -0.190587 1.12423 -0.398786 -1.03987 -0.00214669 
-0.451521 -0.211819 -0.197411 1.12318 -0.40579 -1.04149 -0.00434537 
-0.45556 -0.219091 -0.204157 1.12197 -0.412621 -1.04293 -0.00641772 
-0.459426 -0.226335 -0.210822 1.12062 -0.419278 -1.0442 -0.00836129 
-0.463119 -0.233547 -0.217401 1.11912 -0.425757 -1.0453 -0.0101737 
-0.466635 -0.240723 -0.223892 1.11748 -0.432057 -1.04622 -0.0118528 
-0.469974 -0.247861 -0.230292 1.1157 -0.438175 -1.04697 -0.0133963 
-0.473134 -0.254957 -0.236597 1.11378 -0.444109 -1.04755 -0.0148022 
-0.476112 -0.262007 -0.242804 1.11172 -0.449857 -1.04795 -0.0160685 
-0.478909 -0.269008 -0.248911 1.10952 -0.455419 -1.04818 -0.0171933 
-0.481523 -0.275957 -0.254914 1.10718 -0.460791 -1.04824 -0.0181749 
-0.483952 -0.282851 -0.260811 1.10471 -0.465973 -1.04813 -0.0190117 
-0.486197 -0.289686 -0.266599 1.1021 -0.470964 -1.04786 -0.0197021 
-0.488257 -0.296459 -0.272275 1.09936 -0.475762 -1.04741 -0.0202447 
-0.49013 -0.303167 -0.277836 1.09648 -0.480367 -1.0468 -0.020638 
-0.491817 -0.309807 -0.283281 1.09348 -0.484778 -1.04603 -0.020881 
-0.493317 -0.316377 -0.288606 1.09035 -0.488994 -1.04509 -0.0209725 
-0.494631 -0.322873 -0.293809 1.08709 -0.493015 -1.04399 -0.0209115 
-0.495759 -0.329292 -0.298889 1.08371 -0.49684 -1.04273 -0.0206972 
-0.4967 -0.335631 -0.303842 1.0802 -0.50047 -1.04131 -0.0203287 
-0.497456 -0.341889 -0.308668 1.07657 -0.503905 -1.03973 -0.0198055 
-0.498026 -0.348061 -0.313363 1.07282 -0.507144 -1.038 -0.0191271 
-0.498413 -0.354147 -0.317926 1.06895 -0.510189 -1.03612 -0.0182929 
-0.498616 -0.360143 -0.322355 1.06497 -0.513039 -1.03409 -0.0173028 
-0.498636 -0.366046 -0.32665 1.06087 -0.515695 -1.03191 -0.0161565 
-0.498475 -0.371855 -0.330807 1.05665 -0.518159 -1.02958 -0.0148541 
-0.498135 -0.377568 -0.334825 1.05233 -0.520431 -1.02711 -0.0133955 
-0.497616 -0.383181 -0.338704 1.04789 -0.522512 -1.0245 -0.011781 
-0.496921 -0.388694 -0.342442 1.04335 -0.524404 -1.02174 -0.010011 
-0.496052 -0.394103 -0.346037 1.0387 -0.526108 -1.01886 -0.00808577 
-0.495009 -0.399408 -0.349489 1.03394 -0.527626 -1.01584 -0.00600595 
-0.493796 -0.404607 -0.352796 1.02909 -0.52896 -1.01269 -0.00377219 
-0.492415 -0.409697 -0.355958 1.02413 -0.530111 -1.00941 -0.00138531 
-0.490868 -0.414677 -0.358975 1.01907 -0.531081 -1.006 0.0011538 
-0.489158 -0.419546 -0.361844 1.01392 -0.531873 -1.00248 0.00384408 
-0.487287 -0.424302 -0.364566 1.00867 -0.532488 -0.998831 0.00668439 
-0.485258 -0.428944 -0.367141 1.00333 -0.53293 -0.99507 0.00967346 
-0.483075 -0.433471 -0.369568 0.997897 -0.533201 -0.991196 0.0128099 
-0.48074 -0.437881 -0.371846 0.992374 -0.533304 -0.987212 0.0160922 
-0.478257 -0.442174 -0.373976 0.986764 -0.533242 -0.983122 0.0195188 
-0.475629 -0.446349 -0.375957 0.981068 -0.533016 -0.978929 0.0230878 
-0.472859 -0.450404 -0.37779 0.975288 -0.532632 -0.974635 0.0267975 
-0.469951 -0.454339 -0.379474 0.969426 -0.532091 -0.970245 0.030646 
-0.46691 -0.458154 -0.381011 0.963484 -0.531397 -0.965763 0.0346311 
-0.463738 -0.461848 -0.382399 0.957464 -0.530554 -0.96119 0.0387506 
-0.46044 -0.465421 -0.383641 0.951367 -0.529564 -0.956531 0.0430023 
-0.457019 -0.468872 -0.384736 0.945195 -0.528433 -0.95179 0.0473839 
-0.453481 -0.472201 -0.385685 0.938951 -0.527163 -0.946969 0.0518927 
-0.449828 -0.475408 -0.386488 0.932636 -0.525758 -0.942073 0.0565263 
-0.446066 -0.478493 -0.387147 0.926251 -0.524222 -0.937105 0.0612818 
-0.4422 -0.481457 -0.387663 0.9198 -0.522559 -0.932068 0.0661566 
-0.438233 -0.484298 -0.388036 0.913282 -0.520774 -0.926967 0.0711478 
-0.43417 -0.487019 -0.388268 0.906701 -0.51887 -0.921804 0.0762523 
-0.430016 -0.489618 -0.38836 0.900057 -0.516851 -0.916584 0.0814671 
-0.425775 -0.492097 -0.388313 0.893353 -0.514723 -0.91131 0.086789 
-0.421454 -0.494456 -0.388128 0.886591 -0.512489 -0.905986 0.0922148 
-0.417056 -0.496697 -0.387808 0.879771 -0.510154 -0.900615 0.0977412 
-0.412586 -0.498818 -0.387353 0.872896 -0.507722 -0.895202 0.103365 
-0.40805 -0.500823 -0.386765 0.865967 -0.505198 -0.889749 0.109082 
-0.403452 -0.502711 -0.386046 0.858986 -0.502587 -0.88426 0.114889 
-0.398799 -0.504484 -0.385198 0.851954 -0.499893 -0.878739 0.120783 
-0.394094 -0.506143 -0.384223 0.844874 -0.49712 -0.87319 0.126759 
-0.389343 -0.507689 -0.383122 0.837746 -0.494274 -0.867616 0.132815 
-0.384552 -0.509123 -0.381898 0.830572 -0.491359 -0.86202 0.138945 
-0.379726 -0.510448 -0.380553 0.823353 -0.488381 -0.856407 0.145147 
-0.37487 -0.511664 -0.379088 0.816092 -0.485343 -0.850779 0.151416 
-0.369989 -0.512773 -0.377506 0.808789 -0.482251 -0.84514 0.157749 
-0.365089 -0.513777 -0.37581 0.801445 -0.479109 -0.839494 0.16414 
-0.360174 -0.514678 -0.374002 0.794063 -0.475923 -0.833844 0.170587 
-0.355252 -0.515477 -0.372083 0.786644 -0.472696 -0.828193 0.177084 
-0.350326 -0.516176 -0.370058 0.779188 -0.469435 -0.822545 0.183628 
-0.345402 -0.516778 -0.367927 0.771698 -0.466144 -0.816902 0.190215 
-0.340486 -0.517285 -0.365694 0.764174 -0.462827 -0.811269 0.19684 
-0.335582 -0.517698 -0.363361 0.756617 -0.459489 -0.805648 0.203498 
-0.330697 -0.51802 -0.360932 0.74903 -0.456136 -0.800042 0.210186 
-0.325835 -0.518254 -0.358408 0.741412 -0.452771 -0.794455 0.216899 
-0.321001 -0.518401 -0.355792 0.733766 -0.4494 -0.788889 0.223633 
-0.316201 -0.518463 -0.353088 0.726091 -0.446027 -0.783347 0.230383 
-0.31144 -0.518444 -0.350298 0.71839 -0.442657 -0.777832 0.237145 
-0.306723 -0.518346 -0.347425 0.710664 -0.439294 -0.772347 0.243915 
-0.302055 -0.518172 -0.344471 0.702912 -0.435944 -0.766895 0.250687 
-0.297441 -0.517923 -0.34144 0.695137 -0.43261 -0.761478 0.257459 
-0.292886 -0.517603 -0.338335 0.68734 -0.429297 -0.756099 0.264224 
-0.288395 -0.517215 -0.335159 0.67952 -0.426008 -0.75076 0.270978 
-0.283972 -0.516761 -0.331914 0.671679 -0.42275 -0.745463 0.277718 
-0.279623 -0.516243 -0.328604 0.663819 -0.419525 -0.740212 0.284439 
-0.275351 -0.515666 -0.325232 0.655939 -0.416338 -0.735008 0.291136 
-0.271162 -0.51503 -0.3218 0.64804 -0.413193 -0.729853 0.297805 
-0.26706 -0.514341 -0.318312 0.640124 -0.410094 -0.724749 0.304441 
-0.263049 -0.513599 -0.314771 0.632191 -0.407045 -0.719699 0.31104 
-0.259134 -0.512809 -0.31118 0.624241 -0.404049 -0.714704 0.317599 
-0.255319 -0.511973 -0.307542 0.616275 -0.401111 -0.709766 0.324111 
-0.251607 -0.511094 -0.303859 0.608295 -0.398234 -0.704887 0.330574 
-0.248003 -0.510175 -0.300136 0.6003 -0.395421 -0.700068 0.336983 
-0.24451 -0.509218 -0.296375 0.592291 -0.392676 -0.695311 0.343333 
-0.241133 -0.508228 -0.292579 0.584269 -0.390002 -0.690616 0.349621 
-0.237875 -0.507207 -0.288751 0.576234 -0.387403 -0.685987 0.355842 
-0.234738 -0.506157 -0.284894 0.568187 -0.384881 -0.681422 0.361992 
-0.231727 -0.505082 -0.281011 0.560127 -0.38244 -0.676925 0.368068 
-0.228845 -0.503985 -0.277106 0.552057 -0.380082 -0.672495 0.374065 
-0.226095 -0.502869 -0.27318 0.543975 -0.37781 -0.668133 0.37998 
-0.22348 -0.501736 -0.269238 0.535883 -0.375626 -0.663841 0.385807 
-0.221002 -0.500589 -0.265281 0.52778 -0.373533 -0.659619 0.391545 
-0.218664 -0.499432 -0.261313 0.519667 -0.371534 -0.655467 0.397189 
-0.216468 -0.498268 -0.257337 0.511545 -0.369631 -0.651386 0.402734 
-0.214418 -0.497098 -0.253355 0.503414 -0.367825 -0.647376 0.408179 
-0.212514 -0.495926 -0.24937 0.495273 -0.366119 -0.643437 0.413519 
-0.21076 -0.494754 -0.245386 0.487124 -0.364515 -0.63957 0.41875 
-0.209156 -0.493586 -0.241403 0.478966 -0.363014 -0.635775 0.42387 
-0.207705 -0.492424 -0.237427 0.4708 -0.361617 -0.632051 0.428875 
-0.206409 -0.491271 -0.233458 0.462625 -0.360327 -0.628399 0.433762 
-0.205267 -0.490129 -0.229499 0.454443 -0.359144 -0.624817 0.438528 
-0.204283 -0.489 -0.225554 0.446252 -0.35807 -0.621306 0.44317 
-0.203456 -0.487888 -0.221624 0.438055 -0.357105 -0.617864 0.447684 
-0.202788 -0.486795 -0.217712 0.429849 -0.35625 -0.614492 0.452068 
-0.202279 -0.485723 -0.21382 0.421636 -0.355507 -0.611189 0.45632 
-0.20193 -0.484674 -0.209951 0.413416 -0.354875 -0.607953 0.460436 
-0.201741 -0.483651 -0.206107 0.405188 -0.354355 -0.604784 0.464414 
-0.201712 -0.482656 -0.20229 0.396954 -0.353947 -0.601681 0.468252 
-0.201844 -0.48169 -0.198502 0.388712 -0.353652 -0.598642 0.471946 
-0.202136 -0.480757 -0.194745 0.380463 -0.353469 -0.595666 0.475496 
-0.202588 -0.479858 -0.191022 0.372207 -0.353398 -0.592753 0.478899 
-0.203199 -0.478995 -0.187334 0.363944 -0.353439 -0.5899 0.482152 
-0.203969 -0.47817 -0.183683 0.355675 -0.353592 -0.587105 0.485254 
-0.204897 -0.477385 -0.180071 0.347398 -0.353855 -0.584368 0.488202 
-0.205981 -0.47664 -0.1765 0.339115 -0.354229 -0.581687 0.490996 
-0.207222 -0.475939 -0.172972 0.330825 -0.354712 -0.579059 0.493634 
-0.208616 -0.475282 -0.169488 0.322528 -0.355303 -0.576483 0.496113 
-0.210164 -0.474671 -0.166049 0.314224 -0.356001 -0.573956 0.498433 
-0.211862 -0.474107 -0.162658 0.305913 -0.356804 -0.571477 0.500593 
-0.21371 -0.473591 -0.159316 0.297596 -0.357713 -0.569044 0.50259 
-0.215705 -0.473125 -0.156023 0.289272 -0.358724 -0.566654 0.504425 
-0.217845 -0.472709 -0.152782 0.280942 -0.359836 -0.564304 0.506095 
-0.220127 -0.472345 -0.149594 0.272604 -0.361048 -0.561993 0.507601 
-0.22255 -0.472034 -0.14646 0.26426 -0.362357 -0.559718 0.508941 
-0.22511 -0.471775 -0.14338 0.25591 -0.363762 -0.557476 0.510115 
-0.227805 -0.471571 -0.140357 0.247553 -0.36526 -0.555264 0.511123 
-0.230631 -0.471421 -0.13739 0.239189 -0.366848 -0.553081 0.511963 
-0.233587 -0.471326 -0.134481 0.230819 -0.368526 -0.550922 0.512636 
-0.236667 -0.471287 -0.131631 0.222442 -0.370289 -0.548786 0.513141 
-0.23987 -0.471303 -0.12884 0.21406 -0.372136 -0.54667 0.513479 
-0.243191 -0.471375 -0.126109 0.205671 -0.374064 -0.54457 0.513649 
-0.246626 -0.471502 -0.123439 0.197275 -0.37607 -0.542483 0.513651 
-0.250173 -0.471686 -0.12083 0.188874 -0.37815 -0.540407 0.513487 
-0.253826 -0.471925 -0.118283 0.180467 -0.380303 -0.538338 0.513155 
-0.257582 -0.47222 -0.115798 0.172054 -0.382524 -0.536273 0.512657 
-0.261437 -0.47257 -0.113375 0.163635 -0.384811 -0.534209 0.511993 
-0.265387 -0.472975 -0.111015 0.155211 -0.387161 -0.532143 0.511164 
-0.269426 -0.473434 -0.108719 0.146782 -0.389569 -0.530071 0.510171 
-0.273551 -0.473946 -0.106485 0.138347 -0.392033 -0.52799 0.509014 
-0.277757 -0.474511 -0.104314 0.129908 -0.394549 -0.525897 0.507694 
-0.282038 -0.475129 -0.102206 0.121463 -0.397114 -0.523789 0.506213 
-0.286391 -0.475797 -0.100162 0.113014 -0.399723 -0.521662 0.504572 
-0.290811 -0.476515 -0.0981809 0.104561 -0.402374 -0.519512 0.502771 
-0.295291 -0.477282 -0.0962627 0.0961045 -0.405062 -0.517337 0.500813 
-0.299828 -0.478097 -0.0944071 0.0876439 -0.407783 -0.515133 0.498699 
-0.304415 -0.478958 -0.092614 0.07918 -0.410534 -0.512896 0.49643 
-0.309048 -0.479864 -0.090883 0.070713 -0.413311 -0.510623 0.494008 
-0.313722 -0.480813 -0.0892138 0.0622434 -0.416109 -0.508311 0.491434 
-0.318431 -0.481804 -0.0876059 0.0537715 -0.418925 -0.505956 0.488711 
-0.323169 -0.482835 -0.0860588 0.0452978 -0.421755 -0.503555 0.48584 
-0.327931 -0.483904 -0.0845721 0.0368225 -0.424595 -0.501104 0.482824 
-0.332712 -0.48501 -0.0831452 0.0283463 -0.427441 -0.498601 0.479664 
-0.337506 -0.486149 -0.0817774 0.0198695 -0.430288 -0.49604 0.476362 
-0.342307 -0.487321 -0.0804681 0.0113926 -0.433132 -0.493421 0.472921 
-0.34711 -0.488523 -0.0792165 0.00291608 -0.43597 -0.490738 0.469342 
-0.351908 -0.489753 -0.078022 -0.00555944 -0.438797 -0.487988 0.465629 
-0.356697 -0.491009 -0.0768837 -0.0140335 -0.441609 -0.485169 0.461784 
-0.361471 -0.492288 -0.0758009 -0.0225054 -0.444403 -0.482277 0.457808 
-0.366223 -0.493587 -0.0747726 -0.0309746 -0.447173 -0.479309 0.453705 
-0.370948 -0.494905 -0.0737981 -0.0394406 -0.449916 -0.476262 0.449477 
-0.375641 -0.496238 -0.0728763 -0.0479026 -0.452628 -0.473132 0.445126 
-0.380296 -0.497584 -0.0720063 -0.05636 -0.455305 -0.469917 0.440656 
-0.384906 -0.498941 -0.0711872 -0.0648121 -0.457942 -0.466614 0.436069 
-0.389467 -0.500305 -0.0704179 -0.0732582 -0.460537 -0.463219 0.431368 
-0.393972 -0.501673 -0.0696975 -0.0816976 -0.463084 -0.459729 0.426555 
-0.398416 -0.503043 -0.0690249 -0.0901294 -0.465581 -0.456143 0.421634 
-0.402794 -0.504412 -0.068399 -0.098553 -0.468022 -0.452456 0.416607 
-0.407099 -0.505777 -0.0678187 -0.106967 -0.470405 -0.448667 0.411477 
-0.411326 -0.507134 -0.0672831 -0.115372 -0.472726 -0.444773 0.406247 
-0.415471 -0.508481 -0.0667908 -0.123766 -0.474981 -0.44077 0.400921 
-0.419527 -0.509814 -0.066341 -0.132148 -0.477166 -0.436657 0.395501 
-0.423489 -0.51113 -0.0659323 -0.140518 -0.479278 -0.432431 0.389989 
-0.427352 -0.512427 -0.0655637 -0.148874 -0.481313 -0.428091 0.38439 
-0.43111 -0.5137 -0.065234 -0.157216 -0.483268 -0.423632 0.378706 
-0.434759 -0.514946 -0.0649422 -0.165543 -0.48514 -0.419054 0.372941 
-0.438294 -0.516163 -0.064687 -0.173853 -0.486925 -0.414355 0.367097 
-0.441709 -0.517346 -0.0644674 -0.182146 -0.488621 -0.409531 0.361177 
-0.445 -0.518493 -0.0642822 -0.190421 -0.490223 -0.404583 0.355185 
-0.448161 -0.5196 -0.0641302 -0.198677 -0.49173 -0.399506 0.349123 
-0.45119 -0.520664 -0.0640104 -0.206912 -0.493139 -0.394301 0.342995 
-0.45408 -0.521681 -0.0639216 -0.215126 -0.494446 -0.388965 0.336804 
-0.456827 -0.522648 -0.0638628 -0.223318 -0.495649 -0.383497 0.330553 
-0.459427 -0.523561 -0.0638328 -0.231486 -0.496746 -0.377895 0.324244 
-0.461877 -0.524418 -0.0638306 -0.239629 -0.497733 -0.372158 0.317882 
-0.464171 -0.525215 -0.0638551 -0.247747 -0.498609 -0.366286 0.311468 
-0.466306 -0.525948 -0.0639053 -0.255838 -0.499372 -0.360276 0.305006 
-0.468279 -0.526614 -0.0639802 -0.263901 -0.500019 -0.354128 0.2985 
-0.470085 -0.52721 -0.0640788 -0.271934 -0.500549 -0.347842 0.291951 
-0.471721 -0.527732 -0.0642001 -0.279938 -0.500959 -0.341415 0.285363 
-0.473184 -0.528178 -0.0643431 -0.28791 -0.501248 -0.334849 0.278739 
-0.47447 -0.528543 -0.064507 -0.295849 -0.501414 -0.328142 0.272081 
-0.475577 -0.528825 -0.0646909 -0.303755 -0.501456 -0.321293 0.265393 
-0.476502 -0.52902 -0.0648939 -0.311625 -0.501373 -0.314303 0.258678 
-0.477241 -0.529126 -0.0651152 -0.319459 -0.501162 -0.307172 0.251937 
-0.477793 -0.529138 -0.065354 -0.327256 -0.500825 -0.299899 0.245174 
-0.478155 -0.529055 -0.0656095 -0.335014 -0.500358 -0.292485 0.238391 
-0.478325 -0.528873 -0.065881 -0.342732 -0.499762 -0.284929 0.231592 
-0.4783 -0.528588 -0.0661679 -0.350409 -0.499036 -0.277233 0.224778 
-0.478079 -0.528199 -0.0664694 -0.358044 -0.498179 -0.269396 0.217952 
-0.477661 -0.527702 -0.066785 -0.365635 -0.497192 -0.261419 0.211117 
-0.477043 -0.527095 -0.0671142 -0.373182 -0.496073 -0.253304 0.204275 
-0.476224 -0.526374 -0.0674563 -0.380682 -0.494823 -0.24505 0.197429 
-0.475204 -0.525537 -0.0678109 -0.388136 -0.493442 -0.236658 0.19058 
-0.473981 -0.524582 -0.0681776 -0.395541 -0.49193 -0.228131 0.183731 
-0.472555 -0.523506 -0.068556 -0.402896 -0.490287 -0.219468 0.176884 
-0.470924 -0.522306 -0.0689456 -0.4102 -0.488515 -0.210672 0.170042 
-0.469089 -0.52098 -0.0693463 -0.417453 -0.486613 -0.201744 0.163206 
-0.46705 -0.519525 -0.0697578 -0.424652 -0.484582 -0.192685 0.156378 
-0.464806 -0.517941 -0.0701798 -0.431797 -0.482423 -0.183497 0.149561 
-0.462357 -0.516224 -0.0706122 -0.438886 -0.480138 -0.174182 0.142755 
-0.459705 -0.514372 -0.0710548 -0.445918 -0.477727 -0.164741 0.135964 
-0.456848 -0.512384 -0.0715076 -0.452893 -0.475193 -0.155178 0.129188 
-0.45379 -0.510257 -0.0719706 -0.459808 -0.472535 -0.145493 0.122429 
-0.450529 -0.50799 -0.0724438 -0.466663 -0.469757 -0.13569 0.115689 
-0.447068 -0.505582 -0.0729273 -0.473457 -0.46686 -0.12577 0.10897 
-0.443408 -0.50303 -0.0734211 -0.480189 -0.463845 -0.115737 0.102272 
-0.43955 -0.500334 -0.0739255 -0.486857 -0.460715 -0.105592 0.0955971 
-0.435496 -0.497491 -0.0744407 -0.49346 -0.457472 -0.0953392 0.0889466 
-0.431248 -0.494501 -0.074967 -0.499998 -0.454118 -0.0849805 0.0823215 
-0.426808 -0.491363 -0.0755046 -0.50647 -0.450656 -0.074519 0.0757231 
-0.422179 -0.488076 -0.0760539 -0.512873 -0.447088 -0.0639579 0.0691523 
-0.417362 -0.484638 -0.0766154 -0.519208 -0.443416 -0.0533002 0.0626101 
-0.412361 -0.48105 -0.0771895 -0.525474 -0.439645 -0.0425493 0.0560974 
-0.407179 -0.47731 -0.0777767 -0.531669 -0.435776 -0.0317084 0.0496149 
-0.401817 -0.473417 -0.0783775 -0.537792 -0.431812 -0.0207809 0.0431634 
-0.39628 -0.469372 -0.0789925 -0.543843 -0.427758 -0.00977048 0.0367436 
-0.390572 -0.465174 -0.0796225 -0.549821 -0.423615 0.00131934 0.0303559 
-0.384694 -0.460824 -0.0802679 -0.555724 -0.419387 0.0124848 0.024001 
-0.378652 -0.45632 -0.0809297 -0.561553 -0.415078 0.0237223 0.0176792 
-0.372449 -0.451663 -0.0816085 -0.567306 -0.410692 0.0350277 0.0113908 
-0.366089 -0.446853 -0.0823051 -0.572982 -0.406231 0.0463973 0.00513606 
-0.359577 -0.441891 -0.0830204 -0.578582 -0.401701 0.0578269 -0.00108473 
-0.352916 -0.436777 -0.0837553 -0.584103 -0.397103 0.0693125 -0.00727151 
-0.346111 -0.431511 -0.0845106 -0.589546 -0.392443 0.0808499 -0.0134242 
-0.339168 -0.426095 -0.0852873 -0.594909 -0.387725 0.092435 -0.0195429 
-0.33209 -0.420529 -0.0860865 -0.600193 -0.382952 0.104063 -0.0256277 
-0.324883 -0.414813 -0.0869091 -0.605396 -0.378128 0.115731 -0.0316787 
-0.317551 -0.40895 -0.0877562 -0.610518 -0.373259 0.127432 -0.0376963 
-0.3101 -0.402941 -0.0886288 -0.615559 -0.368347 0.139164 -0.0436806 
-0.302536 -0.396786 -0.0895281 -0.620517 -0.363398 0.150922 -0.0496321 
-0.294864 -0.390487 -0.0904551 -0.625394 -0.358416 0.162701 -0.0555511 
-0.287088 -0.384046 -0.0914111 -0.630187 -0.353405 0.174496 -0.0614383 
-0.279216 -0.377464 -0.0923972 -0.634897 -0.34837 0.186302 -0.0672942 
-0.271253 -0.370743 -0.0934147 -0.639524 -0.343315 0.198116 -0.0731194 
-0.263205 -0.363886 -0.0944647 -0.644066 -0.338245 0.209933 -0.0789145 
-0.255077 -0.356894 -0.0955485 -0.648525 -0.333164 0.221747 -0.0846804 
-0.246876 -0.349769 -0.0966673 -0.652899 -0.328077 0.233554 -0.0904177 
-0.238609 -0.342514 -0.0978223 -0.657188 -0.322989 0.245349 -0.0961274 
-0.230281 -0.335132 -0.099015 -0.661393 -0.317904 0.257127 -0.10181 
-0.221898 -0.327624 -0.100247 -0.665512 -0.312827 0.268884 -0.107467 
-0.213468 -0.319993 -0.101518 -0.669547 -0.307763 0.280615 -0.1131 
-0.204996 -0.312242 -0.102831 -0.673497 -0.302716 0.292315 -0.118708 
-0.19649 -0.304375 -0.104187 -0.677362 -0.297692 0.303979 -0.124294 
-0.187955 -0.296393 -0.105587 -0.681142 -0.292694 0.315602 -0.129858 
-0.179399 -0.288301 -0.107032 -0.684836 -0.287727 0.327179 -0.135402 
-0.170828 -0.2801 -0.108524 -0.688446 -0.282796 0.338706 -0.140927 
-0.162249 -0.271795 -0.110064 -0.691972 -0.277906 0.350178 -0.146433 
-0.153668 -0.263389 -0.111653 -0.695413 -0.273061 0.36159 -0.151923 
-0.145093 -0.254886 -0.113292 -0.698769 -0.268266 0.372938 -0.157397 
-0.13653 -0.246288 -0.114984 -0.702042 -0.263525 0.384215 -0.162857 
-0.127986 -0.237601 -0.116728 -0.70523 -0.258843 0.395419 -0.168304 
-0.119468 -0.228826 -0.118526 -0.708336 -0.254224 0.406544 -0.17374 
-0.110983 -0.219969 -0.12038 -0.711358 -0.249673 0.417586 -0.179166 
-0.102537 -0.211033 -0.12229 -0.714297 -0.245193 0.42854 -0.184583 
-0.0941373 -0.202022 -0.124258 -0.717155 -0.24079 0.439401 -0.189992 
-0.0857906 -0.192941 -0.126285 -0.71993 -0.236467 0.450165 -0.195396 
-0.0775037 -0.183792 -0.128372 -0.722625 -0.232228 0.460827 -0.200795 
-0.0692833 -0.174582 -0.13052 -0.725239 -0.228078 0.471384 -0.20619 
-0.061136 -0.165314 -0.13273 -0.727772 -0.224021 0.48183 -0.211585 
-0.0530684 -0.155992 -0.135003 -0.730226 -0.220059 0.492162 -0.216979 
-0.0450872 -0.14662 -0.137341 -0.732601 -0.216198 0.502375 -0.222374 
-0.0371988 -0.137204 -0.139743 -0.734899 -0.212441 0.512465 -0.227771 
-0.0294098 -0.127748 -0.142211 -0.737118 -0.208791 0.522429 -0.233173 
-0.0217264 -0.118256 -0.144746 -0.739261 -0.205252 0.532261 -0.23858 
-0.014155 -0.108733 -0.147348 -0.741328 -0.201828 0.541958 -0.243994 
-0.0067018 -0.0991837 -0.150018 -0.74332 -0.198521 0.551517 -0.249416 
0.000627039 -0.0896128 -0.152758 -0.745238 -0.195335 0.560934 -0.254847 
0.0078255 -0.080025 -0.155567 -0.747082 -0.192272 0.570204 -0.260289 
0.0148876 -0.0704251 -0.158446 -0.748853 -0.189337 0.579325 -0.265743 
0.0218076 -0.0608179 -0.161396 -0.750553 -0.186531 0.588292 -0.271211 
0.0285797 -0.0512083 -0.164417 -0.752183 -0.183857 0.597103 -0.276693 
0.0351983 -0.0416011 -0.167509 -0.753742 -0.181317 0.605755 -0.28219 
0.0416579 -0.0320011 -0.170673 -0.755233 -0.178915 0.614243 -0.287705 
0.0479532 -0.0224133 -0.17391 -0.756657 -0.176653 0.622565 -0.293238 
0.054079 -0.0128424 -0.177218 -0.758013 -0.174532 0.630718 -0.29879 
0.0600301 -0.00329346 -0.1806 -0.759305 -0.172554 0.638699 -0.304362 
0.0658016 0.0062287 -0.184053 -0.760531 -0.170721 0.646506 -0.309956 
0.0713888 0.0157192 -0.18758 -0.761695 -0.169036 0.654135 -0.315571 
0.0767869 0.0251732 -0.191179 -0.762796 -0.167499 0.661585 -0.32121 
0.0819915 0.0345857 -0.19485 -0.763836 -0.166112 0.668852 -0.326873 
0.0869983 0.043952 -0.198594 -0.764816 -0.164876 0.675935 -0.332561 
0.0918031 0.0532673 -0.202409 -0.765738 -0.163792 0.682831 -0.338274 
0.0964019 0.0625267 -0.206296 -0.766602 -0.162862 0.689539 -0.344013 
0.100791 0.0717255 -0.210253 -0.767409 -0.162084 0.696056 -0.34978 
0.104967 0.0808589 -0.214282 -0.768162 -0.161462 0.70238 -0.355573 
0.108925 0.0899222 -0.21838 -0.768861 -0.160993 0.708511 -0.361395 
0.112664 0.0989108 -0.222547 -0.769507 -0.16068 0.714446 -0.367245 
0.116179 0.10782 -0.226783 -0.770102 -0.160522 0.720184 -0.373124 
0.119469 0.116646 -0.231086 -0.770647 -0.160518 0.725724 -0.379032 
0.122529 0.125383 -0.235455 -0.771143 -0.160669 0.731064 -0.38497 
0.125358 0.134027 -0.239891 -0.771591 -0.160975 0.736204 -0.390937 
0.127954 0.142574 -0.24439 -0.771994 -0.161433 0.741143 -0.396934 
0.130314 0.151019 -0.248953 -0.772351 -0.162044 0.74588 -0.40296 
0.132437 0.159358 -0.253578 -0.772665 -0.162807 0.750415 -0.409016 
0.13432 0.167588 -0.258263 -0.772937 -0.163721 0.754746 -0.415101 
0.135963 0.175703 -0.263008 -0.773167 -0.164784 0.758874 -0.421216 
0.137364 0.1837 -0.26781 -0.773358 -0.165994 0.762799 -0.42736 
0.138522 0.191575 -0.272668 -0.77351 -0.16735 0.76652 -0.433533 
0.139436 0.199324 -0.277579 -0.773625 -0.168851 0.770037 -0.439733 
0.140106 0.206943 -0.282544 -0.773704 -0.170494 0.773351 -0.445962 
0.140532 0.214428 -0.287558 -0.773749 -0.172277 0.776463 -0.452217 
0.140712 0.221777 -0.292621 -0.77376 -0.174197 0.779372 -0.458499 
0.140648 0.228985 -0.29773 -0.77374 -0.176253 0.782079 -0.464807 
0.140339 0.236049 -0.302884 -0.773688 -0.178442 0.784585 -0.471139 
0.139786 0.242965 -0.308079 -0.773607 -0.18076 0.78689 -0.477495 
0.138991 0.249731 -0.313314 -0.773498 -0.183204 0.788997 -0.483874 
0.137953 0.256344 -0.318586 -0.773362 -0.185773 0.790906 -0.490275 
0.136673 0.2628 -0.323893 -0.773199 -0.188461 0.792618 -0.496697 
0.135154 0.269097 -0.329232 -0.773012 -0.191266 0.794135 -0.503137 
0.133397 0.275232 -0.334601 -0.772802 -0.194185 0.795458 -0.509596 
0.131404 0.281202 -0.339995 -0.772569 -0.197212 0.796589 -0.516071 
0.129177 0.287005 -0.345414 -0.772315 -0.200345 0.79753 -0.522561 
0.126718 0.292638 -0.350854 -0.772041 -0.20358 0.798283 -0.529064 
0.124029 0.2981 -0.356312 -0.771748 -0.206912 0.798849 -0.535579 
0.121114 0.303387 -0.361785 -0.771437 -0.210336 0.799231 -0.542104 
0.117974 0.308499 -0.367269 -0.771109 -0.213849 0.799431 -0.548637 
0.114615 0.313433 -0.372762 -0.770766 -0.217446 0.799452 -0.555176 
0.111037 0.318188 -0.378261 -0.770408 -0.221121 0.799296 -0.56172 
0.107246 0.322762 -0.383761 -0.770036 -0.224871 0.798966 -0.568265 
0.103245 0.327153 -0.38926 -0.769651 -0.22869 0.798465 -0.57481 
0.0990384 0.331361 -0.394755 -0.769254 -0.232573 0.797794 -0.581353 
0.0946294 0.335384 -0.400241 -0.768847 -0.236515 0.796958 -0.587891 
0.0900227 0.339221 -0.405715 -0.768429 -0.240511 0.795959 -0.594422 
0.085223 0.342871 -0.411173 -0.768002 -0.244555 0.794801 -0.600944 
0.080235 0.346333 -0.416612 -0.767567 -0.248641 0.793486 -0.607453 
0.0750635 0.349608 -0.422029 -0.767124 -0.252765 0.792019 -0.613948 
0.0697136 0.352694 -0.427418 -0.766675 -0.25692 0.790401 -0.620426 
0.0641907 0.355591 -0.432777 -0.766219 -0.2611 0.788638 -0.626883 
0.0585001 0.358299 -0.438101 -0.765758 -0.2653 0.786733 -0.633318 
0.0526474 0.360817 -0.443387 -0.765293 -0.269514 0.784689 -0.639727 
0.0466384 0.363147 -0.448631 -0.764823 -0.273736 0.78251 -0.646107 
0.040479 0.365289 -0.453828 -0.76435 -0.27796 0.7802 -0.652456 
0.0341754 0.367242 -0.458975 -0.763874 -0.282179 0.777763 -0.65877 
0.0277337 0.369007 -0.464067 -0.763395 -0.286387 0.775203 -0.665046 
0.0211604 0.370585 -0.469101 -0.762915 -0.290579 0.772524 -0.671282 
0.0144618 0.371977 -0.474072 -0.762433 -0.294748 0.76973 -0.677473 
0.00764479 0.373184 -0.478976 -0.76195 -0.298887 0.766825 -0.683618 
0.00071601 0.374206 -0.483809 -0.761467 -0.302991 0.763814 -0.689712 
-0.0063176 0.375046 -0.488567 -0.760983 -0.307052 0.7607 -0.695752 
-0.013449 0.375705 -0.493245 -0.7605 -0.311066 0.757489 -0.701735 
-0.0206711 0.376183 -0.49784 -0.760017 -0.315024 0.754184 -0.707657 
-0.0279767 0.376484 -0.502347 -0.759534 -0.318921 0.75079 -0.713515 
-0.0353583 0.376608 -0.506763 -0.759052 -0.32275 0.747312 -0.719306 
-0.0428087 0.376557 -0.511082 -0.758571 -0.326506 0.743753 -0.725027 
-0.0503201 0.376334 -0.5153 -0.758091 -0.33018 0.740119 -0.730672 
-0.0578852 0.375941 -0.519415 -0.757612 -0.333768 0.736414 -0.73624 
-0.0654961 0.375381 -0.52342 -0.757135 -0.337263 0.732643 -0.741727 
-0.0731451 0.374655 -0.527313 -0.756658 -0.340659 0.728809 -0.747128 
-0.0808245 0.373766 -0.531088 -0.756183 -0.343948 0.724919 -0.752441 
-0.0885262 0.372717 -0.534742 -0.755709 -0.347126 0.720976 -0.757662 
-0.0962426 0.37151 -0.538271 -0.755236 -0.350185 0.716985 -0.762788 
-0.103966 0.37015 -0.541671 -0.754763 -0.353119 0.712951 -0.767814 
-0.111687 0.368638 -0.544937 -0.754292 -0.355923 0.708878 -0.772737 
-0.119399 0.366979 -0.548066 -0.753821 -0.358591 0.704771 -0.777553 
-0.127094 0.365174 -0.551054 -0.75335 -0.361115 0.700635 -0.78226 
-0.134763 0.363228 -0.553896 -0.752879 -0.363491 0.696474 -0.786853 
-0.142398 0.361144 -0.556589 -0.752407 -0.365713 0.692293 -0.791329 
-0.149992 0.358926 -0.55913 -0.751935 -0.367775 0.688097 -0.795684 
-0.157536 0.356578 -0.561513 -0.751462 -0.36967 0.683889 -0.799916 
-0.165022 0.354102 -0.563736 -0.750987 -0.371395 0.679675 -0.804019 
-0.172442 0.351504 -0.565795 -0.750509 -0.372942 0.675459 -0.807991 
-0.179789 0.348787 -0.567686 -0.75003 -0.374307 0.671246 -0.811829 
-0.187054 0.345955 -0.569406 -0.749547 -0.375485 0.667039 -0.815529 
-0.194229 0.343012 -0.570951 -0.749061 -0.37647 0.662844 -0.819088 
-0.201306 0.339962 -0.572318 -0.74857 -0.377257 0.658665 -0.822502 
-0.208277 0.336811 -0.573503 -0.748075 -0.377842 0.654505 -0.825768 
-0.215136 0.333561 -0.574504 -0.747574 -0.37822 0.65037 -0.828882 
-0.221873 0.330218 -0.575317 -0.747066 -0.378385 0.646264 -0.831843 
-0.228482 0.326786 -0.57594 -0.746552 -0.378334 0.642189 -0.834646 
-0.234954 0.32327 -0.576368 -0.74603 -0.378063 0.638152 -0.837288 
-0.241283 0.319673 -0.5766 -0.7455 -0.377566 0.634155 -0.839767 
-0.24746 0.316002 -0.576632 -0.744961 -0.37684 0.630203 -0.842079 
-0.25348 0.31226 -0.576462 -0.744411 -0.375882 0.626299 -0.844221 
-0.259333 0.308452 -0.576087 -0.74385 -0.374686 0.622448 -0.846191 
-0.265014 0.304583 -0.575505 -0.743278 -0.373251 0.618653 -0.847987 
-0.270515 0.300659 -0.574713 -0.742693 -0.371571 0.614917 -0.849604 
-0.27583 0.296682 -0.573709 -0.742095 -0.369645 0.611245 -0.851041 
-0.280952 0.29266 -0.572491 -0.741482 -0.36747 0.607639 -0.852295 
-0.285874 0.288596 -0.571057 -0.740853 -0.365041 0.604104 -0.853363 
-0.290589 0.284495 -0.569405 -0.740208 -0.362357 0.600642 -0.854244 
-0.295092 0.280363 -0.567533 -0.739546 -0.359415 0.597256 -0.854934 
-0.299377 0.276204 -0.565439 -0.738865 -0.356213 0.593951 -0.855433 
-0.303437 0.272023 -0.563122 -0.738165 -0.352748 0.590728 -0.855737 
-0.307266 0.267825 -0.560581 -0.737445 -0.349019 0.587591 -0.855844 
-0.310859 0.263616 -0.557813 -0.736702 -0.345024 0.584542 -0.855753 
-0.314211 0.259399 -0.554818 -0.735938 -0.340762 0.581584 -0.855462 
-0.317316 0.255181 -0.551596 -0.735149 -0.336231 0.57872 -0.854969 
-0.320169 0.250965 -0.548144 -0.734336 -0.33143 0.575953 -0.854273 
-0.322765 0.246757 -0.544462 -0.733497 -0.326358 0.573284 -0.853371 
-0.325099 0.242562 -0.540549 -0.732632 -0.321014 0.570716 -0.852263 
-0.327167 0.238384 -0.536406 -0.731738 -0.315398 0.568252 -0.850948 
-0.328965 0.234229 -0.532031 -0.730815 -0.30951 0.565892 -0.849423 
-0.330487 0.230101 -0.527424 -0.729862 -0.303349 0.56364 -0.847689 
-0.331731 0.226004 -0.522585 -0.728877 -0.296916 0.561497 -0.845743 
-0.332693 0.221944 -0.517514 -0.72786 -0.290211 0.559464 -0.843586 
-0.333368 0.217925 -0.512212 -0.72681 -0.283235 0.557543 -0.841216 
-0.333754 0.213952 -0.506679 -0.725725 -0.275988 0.555736 -0.838633 
-0.333848 0.21003 -0.500914 -0.724605 -0.268471 0.554045 -0.835837 
-0.333647 0.206162 -0.49492 -0.723447 -0.260685 0.552469 -0.832826 
-0.333147 0.202353 -0.488696 -0.722252 -0.252633 0.551011 -0.829601 
-0.332348 0.198608 -0.482243 -0.721017 -0.244315 0.549671 -0.826162 
-0.331246 0.19493 -0.475563 -0.719743 -0.235733 0.54845 -0.822509 
-0.329839 0.191325 -0.468657 -0.718427 -0.22689 0.547349 -0.818641 
-0.328126 0.187796 -0.461525 -0.717069 -0.217787 0.546369 -0.814559 
-0.326106 0.184347 -0.45417 -0.715668 -0.208427 0.545509 -0.810264 
-0.323776 0.180982 -0.446593 -0.714223 -0.198813 0.544771 -0.805755 
-0.321137 0.177705 -0.438796 -0.712732 -0.188948 0.544154 -0.801034 
-0.318187 0.17452 -0.430781 -0.711196 -0.178834 0.54366 -0.796101 
-0.314925 0.17143 -0.422549 -0.709612 -0.168475 0.543286 -0.790957 
-0.311352 0.16844 -0.414104 -0.707979 -0.157875 0.543035 -0.785604 
-0.307468 0.165552 -0.405447 -0.706298 -0.147037 0.542904 -0.780041 
-0.303272 0.16277 -0.396581 -0.704566 -0.135965 0.542895 -0.774272 
-0.298764 0.160097 -0.387509 -0.702784 -0.124662 0.543005 -0.768296 
-0.293947 0.157536 -0.378233 -0.700949 -0.113135 0.543236 -0.762115 
-0.28882 0.155091 -0.368756 -0.699062 -0.101386 0.543586 -0.755732 
-0.283384 0.152765 -0.359081 -0.697121 -0.0894199 0.544053 -0.749147 
-0.277642 0.15056 -0.349212 -0.695126 -0.0772425 0.544638 -0.742363 
-0.271594 0.148478 -0.339151 -0.693076 -0.0648583 0.545339 -0.735382 
-0.265242 0.146524 -0.328903 -0.690969 -0.0522726 0.546155 -0.728206 
-0.25859 0.144698 -0.318471 -0.688806 -0.0394905 0.547085 -0.720837 
-0.251638 0.143004 -0.307858 -0.686586 -0.0265178 0.548126 -0.713277 
-0.244389 0.141443 -0.297068 -0.684308 -0.01336 0.549279 -0.705529 
-0.236847 0.140018 -0.286106 -0.681971 -2.29131e-05 0.55054 -0.697596 
-0.229014 0.138731 -0.274975 -0.679575 0.0134873 0.551909 -0.689481 
-0.220893 0.137583 -0.263679 -0.677119 0.0271647 0.553382 -0.681185 
-0.212488 0.136576 -0.252224 -0.674603 0.0410028 0.55496 -0.672713 
-0.203803 0.135713 -0.240612 -0.672026 0.0549953 0.556638 -0.664067 
-0.194842 0.134993 -0.22885 -0.669387 0.0691355 0.558416 -0.65525 
-0.185608 0.134419 -0.216941 -0.666687 0.0834168 0.560291 -0.646266 
-0.176106 0.133991 -0.20489 -0.663925 0.0978323 0.56226 -0.637119 
-0.16634 0.133712 -0.192703 -0.6611 0.112375 0.564322 -0.62781 
-0.156316 0.13358 -0.180383 -0.658213 0.127038 0.566473 -0.618346 
-0.146038 0.133599 -0.167937 -0.655262 0.141814 0.568711 -0.608728 
-0.135511 0.133767 -0.155369 -0.652248 0.156696 0.571034 -0.598961 
-0.124741 0.134085 -0.142685 -0.649171 0.171675 0.573438 -0.589048 
-0.113732 0.134554 -0.129889 -0.64603 0.186746 0.575921 -0.578995 
-0.102492 0.135175 -0.116988 -0.642825 0.2019 0.578479 -0.568804 
-0.0910255 0.135946 -0.103986 -0.639557 0.217129 0.58111 -0.55848 
-0.0793387 0.136868 -0.0908904 -0.636224 0.232427 0.583811 -0.548027 
-0.0674378 0.137941 -0.0777054 -0.632828 0.247784 0.586579 -0.53745 
-0.0553293 0.139164 -0.0644372 -0.629368 0.263193 0.58941 -0.526753 
-0.0430198 0.140536 -0.0510916 -0.625844 0.278646 0.592301 -0.51594 
-0.0305159 0.142058 -0.0376745 -0.622257 0.294136 0.595249 -0.505016 
-0.0178245 0.143729 -0.0241916 -0.618606 0.309653 0.59825 -0.493986 
-0.00495265 0.145547 -0.0106491 -0.614892 0.32519 0.601301 -0.482855 
0.00809258 0.147511 0.0029471 -0.611115 0.340739 0.604399 -0.471626 
0.0213039 0.14962 0.0165909 -0.607276 0.356292 0.607539 -0.460306 
0.0346738 0.151874 0.0302762 -0.603374 0.37184 0.610719 -0.448899 
0.048195 0.15427 0.0439968 -0.599411 0.387375 0.613935 -0.437409 
0.0618596 0.156807 0.0577465 -0.595386 0.402889 0.617182 -0.425843 
0.0756599 0.159483 0.0715192 -0.5913 0.418374 0.620459 -0.414204 
0.0895882 0.162296 0.0853085 -0.587154 0.433822 0.62376 -0.402499 
0.103636 0.165245 0.0991083 -0.582948 0.449223 0.627082 -0.390731 
0.117797 0.168327 0.112912 -0.578683 0.464571 0.630421 -0.378907 
0.13206 0.171541 0.126714 -0.574359 0.479856 0.633774 -0.367032 
0.14642 0.174883 0.140507 -0.569977 0.495071 0.637137 -0.35511 
0.160867 0.178352 0.154286 -0.565539 0.510208 0.640505 -0.343148 
0.175392 0.181944 0.168043 -0.561044 0.525258 0.643876 -0.33115 
0.189989 0.185658 0.181773 -0.556493 0.540213 0.647245 -0.319121 
0.204647 0.18949 0.195469 -0.551888 0.555066 0.650608 -0.307068 
0.219359 0.193438 0.209125 -0.547229 0.569808 0.653962 -0.294994 
0.234116 0.197499 0.222735 -0.542517 0.584432 0.657303 -0.282907 
0.248909 0.201669 0.236292 -0.537754 0.598929 0.660627 -0.270811 
0.26373 0.205946 0.24979 -0.532939 0.613292 0.663931 -0.258711 
0.278571 0.210325 0.263224 -0.528075 0.627513 0.66721 -0.246612 
0.293422 0.214805 0.276586 -0.523162 0.641585 0.67046 -0.234521 
0.308275 0.219381 0.289871 -0.518201 0.655501 0.673679 -0.222442 
0.323121 0.22405 0.303072 -0.513195 0.669251 0.676862 -0.210381 
0.337952 0.228808 0.316184 -0.508143 0.682831 0.680005 -0.198343 
0.35276 0.233651 0.3292 -0.503047 0.696231 0.683106 -0.186334 
0.367534 0.238576 0.342115 -0.497908 0.709446 0.686159 -0.174358 
0.382268 0.24358 0.354923 -0.492728 0.722468 0.689163 -0.16242 
0.396952 0.248657 0.367617 -0.487508 0.73529 0.692112 -0.150527 
0.411577 0.253804 0.380193 -0.482249 0.747906 0.695005 -0.138683 
0.426137 0.259017 0.392643 -0.476953 0.760309 0.697836 -0.126893 
0.440621 0.264293 0.404964 -0.471621 0.772493 0.700603 -0.115162 
0.455022 0.269626 0.417149 -0.466254 0.784451 0.703303 -0.103496 
0.469331 0.275012 0.429192 -0.460855 0.796177 0.705932 -0.0918995 
0.483541 0.280448 0.441089 -0.455424 0.807666 0.708486 -0.080377 
0.497642 0.285929 0.452834 -0.449963 0.818911 0.710964 -0.0689338 
0.511628 0.291451 0.464421 -0.444474 0.829906 0.713361 -0.0575745 
0.52549 0.297009 0.475847 -0.438958 0.840647 0.715674 -0.046304 
0.53922 0.302599 0.487105 -0.433417 0.851128 0.717901 -0.0351269 
0.55281 0.308217 0.49819 -0.427852 0.861343 0.720038 -0.0240478 
0.566254 0.313858 0.509099 -0.422265 0.871288 0.722083 -0.0130714 
0.579543 0.319517 0.519826 -0.416658 0.880958 0.724032 -0.00220199 
0.592669 0.325191 0.530367 -0.411032 0.890348 0.725884 0.00855593 
0.605626 0.330874 0.540718 -0.405389 0.899453 0.727635 0.0191981 
0.618407 0.336563 0.550873 -0.399731 0.908271 0.729284 0.0297202 
0.631004 0.342252 0.560828 -0.394059 0.916795 0.730826 0.0401183 
0.643411 0.347938 0.57058 -0.388375 0.925023 0.732261 0.0503881 
0.65562 0.353615 0.580125 -0.382682 0.932952 0.733586 0.0605258 
0.667626 0.359279 0.589459 -0.376979 0.940576 0.734797 0.0705275 
0.679421 0.364926 0.598577 -0.371271 0.947894 0.735895 0.0803894 
0.691 0.370551 0.607477 -0.365557 0.954901 0.736875 0.0901078 
0.702356 0.37615 0.616155 -0.35984 0.961596 0.737737 0.0996792 
0.713483 0.381718 0.624607 -0.354122 0.967975 0.738479 0.1091 
0.724376 0.387251 0.632831 -0.348404 0.974036 0.739098 0.118367 
0.735029 0.392745 0.640823 -0.342688 0.979777 0.739593 0.127477 
0.745437 0.398195 0.648581 -0.336976 0.985196 0.739963 0.136427 
0.755593 0.403597 0.656101 -0.33127 0.990291 0.740206 0.145213 
0.765494 0.408946 0.663381 -0.325572 0.99506 0.74032 0.153834 
0.775135 0.414239 0.670419 -0.319882 0.999502 0.740305 0.162285 
0.78451 0.419472 0.677213 -0.314204 1.00362 0.740158 0.170565 
0.793615 0.424639 0.683759 -0.308538 1.0074 0.73988 0.17867 
0.802445 0.429737 0.690057 -0.302887 1.01085 0.739469 0.186599 
0.810998 0.434763 0.696104 -0.297251 1.01398 0.738923 0.194348 
0.819268 0.439712 0.701898 -0.291634 1.01677 0.738244 0.201917 
0.827253 0.44458 0.707438 -0.286037 1.01923 0.737429 0.209302 
0.834948 0.449363 0.712723 -0.28046 1.02136 0.736477 0.216502 
0.84235 0.454058 0.717752 -0.274907 1.02316 0.73539 0.223514 
0.849456 0.458661 0.722522 -0.269379 1.02463 0.734166 0.230338 
0.856264 0.463169 0.727034 -0.263876 1.02577 0.732805 0.236972 
0.862771 0.467577 0.731286 -0.258402 1.02659 0.731306 0.243413 
0.868974 0.471883 0.735278 -0.252957 1.02707 0.72967 0.249662 
0.874871 0.476083 0.73901 -0.247544 1.02723 0.727897 0.255716 
0.88046 0.480174 0.742481 -0.242163 1.02707 0.725987 0.261574 
0.885739 0.484153 0.74569 -0.236817 1.02658 0.72394 0.267236 
0.890706 0.488017 0.748639 -0.231506 1.02577 0.721756 0.272701 
0.895361 0.491762 0.751327 -0.226233 1.02464 0.719436 0.277968 
0.899702 0.495385 0.753754 -0.220998 1.0232 0.71698 0.283037 
0.903728 0.498885 0.75592 -0.215804 1.02144 0.71439 0.287906 
0.907439 0.502258 0.757828 -0.210652 1.01937 0.711665 0.292576 
0.910833 0.505502 0.759476 -0.205542 1.017 0.708806 0.297047 
0.913911 0.508614 0.760867 -0.200478 1.01432 0.705815 0.301318 
0.916673 0.511592 0.762001 -0.195458 1.01133 0.702692 0.305389 
0.919118 0.514434 0.762879 -0.190487 1.00805 0.699439 0.309262 
0.921247 0.517137 0.763502 -0.185563 1.00448 0.696056 0.312935 
0.923061 0.519699 0.763873 -0.180689 1.00061 0.692546 0.31641 
0.92456 0.522119 0.763993 -0.175866 0.996455 0.688908 0.319687 
0.925745 0.524395 0.763863 -0.171095 0.992019 0.685145 0.322766 
0.926618 0.526525 0.763486 -0.166378 0.987304 0.681259 0.325649 
0.927179 0.528507 0.762863 -0.161714 0.982315 0.67725 0.328337 
0.927431 0.53034 0.761997 -0.157106 0.977056 0.673121 0.33083 
0.927375 0.532022 0.76089 -0.152554 0.971533 0.668873 0.333129 
0.927013 0.533553 0.759545 -0.14806 0.96575 0.664509 0.335236 
0.926347 0.534931 0.757963 -0.143624 0.959712 0.660029 0.337153 
0.92538 0.536156 0.756149 -0.139247 0.953424 0.655437 0.33888 
0.924114 0.537225 0.754104 -0.134931 0.946892 0.650733 0.340419 
0.922551 0.53814 0.751831 -0.130675 0.94012 0.645921 0.341772 
0.920696 0.538898 0.749334 -0.126481 0.933115 0.641003 0.342941 
0.91855 0.5395 0.746615 -0.12235 0.925882 0.63598 0.343928 
0.916117 0.539945 0.743679 -0.118282 0.918427 0.630855 0.344734 
0.9134 0.540233 0.740528 -0.114278 0.910755 0.625631 0.345362 
0.910404 0.540363 0.737166 -0.110338 0.902873 0.62031 0.345813 
0.907131 0.540336 0.733596 -0.106464 0.894787 0.614894 0.346091 
0.903586 0.540152 0.729823 -0.102655 0.886502 0.609386 0.346197 
0.899773 0.539811 0.72585 -0.0989128 0.878024 0.603788 0.346135 
0.895695 0.539313 0.72168 -0.095237 0.869361 0.598104 0.345906 
0.891358 0.538658 0.717318 -0.0916283 0.860518 0.592336 0.345512 
0.886766 0.537848 0.712768 -0.0880871 0.851503 0.586486 0.344958 
0.881923 0.536883 0.708035 -0.0846137 0.84232 0.580559 0.344246 
0.876834 0.535764 0.703121 -0.0812084 0.832977 0.574555 0.343377 
0.871504 0.534491 0.698032 -0.0778715 0.823481 0.568479 0.342357 
0.865938 0.533066 0.692772 -0.0746032 0.813838 0.562332 0.341186 
0.860141 0.531489 0.687346 -0.0714036 0.804054 0.556119 0.339869 
0.854119 0.529763 0.681757 -0.0682729 0.794136 0.549842 0.338409 
0.847876 0.527888 0.676011 -0.0652112 0.784092 0.543503 0.336808 
0.841419 0.525865 0.670112 -0.0622184 0.773928 0.537107 0.335071 
0.834752 0.523697 0.664064 -0.0592947 0.76365 0.530656 0.333199 
0.827882 0.521385 0.657874 -0.0564399 0.753265 0.524153 0.331198 
0.820814 0.51893 0.651544 -0.053654 0.742781 0.517601 0.329069 
0.813553 0.516335 0.645081 -0.0509368 0.732203 0.511003 0.326817 
0.806107 0.513601 0.638488 -0.0482882 0.721539 0.504363 0.324444 
0.79848 0.510731 0.631771 -0.0457081 0.710796 0.497683 0.321955 
0.79068 0.507727 0.624936 -0.0431961 0.699979 0.490966 0.319353 
0.782711 0.50459 0.617985 -0.040752 0.689097 0.484216 0.316642 
0.77458 0.501323 0.610926 -0.0383754 0.678155 0.477436 0.313825 
0.766293 0.497929 0.603762 -0.036066 0.66716 0.470629 0.310906 
0.757857 0.49441 0.596499 -0.0338235 0.656119 0.463798 0.307888 
0.749278 0.490768 0.589141 -0.0316473 0.645039 0.456946 0.304776 
0.740562 0.487007 0.581694 -0.0295371 0.633925 0.450076 0.301572 
0.731715 0.483128 0.574163 -0.0274923 0.622785 0.443191 0.298281 
0.722744 0.479135 0.566553 -0.0255124 0.611625 0.436294 0.294906 
0.713656 0.47503 0.558868 -0.0235968 0.600452 0.429389 0.291451 
0.704455 0.470817 0.551114 -0.021745 0.589271 0.422478 0.28792 
0.69515 0.466498 0.543296 -0.0199563 0.578089 0.415565 0.284317 
0.685747 0.462076 0.535419 -0.01823 0.566911 0.408651 0.280645 
0.676251 0.457554 0.527487 -0.0165655 0.555746 0.401742 0.276908 
0.666669 0.452937 0.519507 -0.014962 0.544597 0.394838 0.273109 
0.657008 0.448225 0.511481 -0.0134187 0.533471 0.387943 0.269253 
0.647274 0.443424 0.503417 -0.011935 0.522374 0.381061 0.265343 
0.637473 0.438536 0.495317 -0.01051 0.511312 0.374193 0.261383 
0.627612 0.433564 0.487188 -0.00914289 0.50029 0.367343 0.257376 
0.617697 0.428513 0.479034 -0.00783279 0.489314 0.360513 0.253326 
0.607734 0.423384 0.47086 -0.00657883 0.478389 0.353706 0.249237 
0.597729 0.418182 0.46267 -0.00538012 0.467521 0.346925 0.245112 
0.587689 0.41291 0.454469 -0.00423573 0.456715 0.340173 0.240955 
0.577619 0.407572 0.446262 -0.00314472 0.445975 0.333451 0.236769 
0.567527 0.402171 0.438053 -0.00210614 0.435308 0.326763 0.232559 
0.557417 0.396711 0.429847 -0.001119 0.424717 0.320111 0.228326 
0.547295 0.391195 0.421648 -0.000182304 0.414207 0.313497 0.224075 
0.537168 0.385626 0.41346 0.000704963 0.403784 0.306925 0.219809 
0.527041 0.380009 0.405288 0.00154383 0.393451 0.300395 0.215531 
0.516921 0.374346 0.397136 0.00233534 0.383213 0.293911 0.211245 
0.506811 0.368642 0.389009 0.00308055 0.373074 0.287474 0.206954 
0.496719 0.3629 0.380909 0.00378054 0.363038 0.281088 0.20266 
0.48665 0.357123 0.372842 0.00443637 0.353109 0.274753 0.198368 
0.476608 0.351315 0.364811 0.00504914 0.343291 0.268473 0.19408 
0.4666 0.34548 0.35682 0.00561996 0.333588 0.262249 0.189798 
0.45663 0.339621 0.348872 0.00614992 0.324002 0.256082 0.185527 
0.446703 0.333742 0.340972 0.00664014 0.314538 0.249976 0.181269 
0.436824 0.327845 0.333123 0.00709174 0.305199 0.243931 0.177027 
0.426999 0.321936 0.325329 0.00750585 0.295987 0.237949 0.172803 
0.417232 0.316016 0.317592 0.00788358 0.286905 0.232033 0.1686 
0.407527 0.31009 0.309917 0.00822607 0.277957 0.226183 0.164421 
0.39789 0.304161 0.302306 0.00853446 0.269145 0.220401 0.160268 
0.388324 0.298232 0.294762 0.00880986 0.260472 0.214689 0.156144 
0.378833 0.292307 0.287289 0.00905341 0.251939 0.209049 0.15205 
0.369422 0.286389 0.279889 0.00926624 0.243549 0.203481 0.147991 
0.360096 0.280481 0.272566 0.00944948 0.235304 0.197986 0.143967 
0.350856 0.274586 0.265321 0.00960424 0.227206 0.192567 0.139981 
0.341709 0.268708 0.258158 0.00973163 0.219256 0.187224 0.136035 
0.332656 0.262849 0.25108 0.00983278 0.211457 0.181958 0.132131 
0.323702 0.257013 0.244087 0.00990877 0.203808 0.17677 0.12827 
0.31485 0.251203 0.237184 0.00996072 0.196313 0.171661 0.124456 
0.306104 0.245422 0.230371 0.00998969 0.188972 0.166633 0.120689 
0.297465 0.239672 0.223652 0.00999678 0.181785 0.161685 0.116971 
0.288938 0.233956 0.217028 0.00998303 0.174754 0.156819 0.113304 
0.280524 0.228278 0.2105 0.00994952 0.167879 0.152036 0.109689 
0.272228 0.22264 0.204071 0.00989727 0.161161 0.147335 0.106128 
0.26405 0.217044 0.197743 0.00982733 0.154601 0.142717 0.102623 
0.255994 0.211494 0.191517 0.00974069 0.148198 0.138184 0.0991738 
0.248062 0.205991 0.185394 0.00963837 0.141952 0.133734 0.0957824 
0.240256 0.200539 0.179375 0.00952133 0.135865 0.12937 0.0924498 
0.232578 0.195138 0.173463 0.00939056 0.129934 0.12509 0.0891771 
0.225029 0.189793 0.167657 0.009247 0.124161 0.120896 0.0859652 
0.217612 0.184505 0.16196 0.00909157 0.118545 0.116787 0.0828151 
0.210328 0.179276 0.156372 0.00892521 0.113085 0.112763 0.0797276 
0.203179 0.174108 0.150893 0.00874879 0.10778 0.108825 0.0767033 
0.196165 0.169004 0.145525 0.00856319 0.10263 0.104972 0.0737429 
0.189288 0.163965 0.140268 0.00836927 0.0976343 0.101204 0.0708471 
0.182548 0.158992 0.135123 0.00816786 0.092791 0.0975215 0.0680162 
0.175948 0.154089 0.13009 0.00795977 0.0880993 0.093924 0.0652507 
0.169487 0.149256 0.125169 0.00774579 0.083558 0.0904112 0.062551 
0.163166 0.144495 0.120361 0.00752668 0.0791657 0.0869827 0.0599173 
0.156985 0.139808 0.115665 0.0073032 0.0749209 0.0836383 0.0573499 
0.150945 0.135195 0.111082 0.00707605 0.0708221 0.0803774 0.0548487 
0.145046 0.130659 0.106611 0.00684595 0.0668675 0.0771996 0.052414 
0.139289 0.126201 0.102253 0.00661356 0.0630553 0.0741044 0.0500456 
0.133672 0.121821 0.0980072 0.00637953 0.0593838 0.0710912 0.0477435 
0.128197 0.117521 0.0938729 0.00614449 0.0558509 0.0681593 0.0455076 
0.122862 0.113302 0.08985 0.00590903 0.0524547 0.0653082 0.0433375 
0.117667 0.109165 0.0859379 0.00567373 0.0491929 0.062537 0.041233 
0.112612 0.10511 0.0821359 0.00543915 0.0460634 0.0598451 0.0391939 
0.107697 0.101139 0.0784433 0.0052058 0.0430639 0.0572316 0.0372195 
0.10292 0.0972515 0.0748595 0.00497418 0.040192 0.0546957 0.0353096 
0.09828 0.0934487 0.0713835 0.00474477 0.0374454 0.0522365 0.0334635 
0.093777 0.0897309 0.0680144 0.00451802 0.0348216 0.049853 0.0316806 
0.0894096 0.0860987 0.0647512 0.00429435 0.0323179 0.0475444 0.0299604 
0.0851767 0.0825522 0.0615928 0.00407416 0.0299319 0.0453097 0.0283021 
0.081077 0.0790917 0.0585381 0.00385781 0.0276608 0.0431478 0.026705 
0.0771091 0.0757175 0.0555858 0.00364567 0.025502 0.0410576 0.0251683 
0.0732718 0.0724295 0.0527347 0.00343804 0.0234528 0.0390382 0.0236911 
0.0695634 0.0692278 0.0499835 0.00323523 0.0215104 0.0370883 0.0222726 
0.0659823 0.0661124 0.0473307 0.00303751 0.0196719 0.0352069 0.0209118 
0.0625269 0.063083 0.0447748 0.00284513 0.0179345 0.0333927 0.0196078 
0.0591955 0.0601394 0.0423145 0.00265831 0.0162954 0.0316446 0.0183595 
0.0559861 0.0572814 0.039948 0.00247725 0.0147516 0.0299614 0.0171659 
0.052897 0.0545085 0.0376739 0.00230213 0.0133003 0.0283419 0.016026 
0.0499261 0.0518203 0.0354903 0.0021331 0.0119384 0.0267847 0.0149385 
0.0470714 0.0492164 0.0333958 0.0019703 0.0106632 0.0252887 0.0139024 
0.0443308 0.046696 0.0313884 0.00181383 0.00947155 0.0238526 0.0129164 
0.0417023 0.0442586 0.0294664 0.00166377 0.00836058 0.0224751 0.0119795 
0.0391835 0.0419034 0.027628 0.0015202 0.00732733 0.0211548 0.0110903 
0.0367723 0.0396296 0.0258714 0.00138315 0.00636884 0.0198904 0.0102476 
0.0344663 0.0374364 0.0241946 0.00125266 0.00548218 0.0186807 0.0094501 
0.0322632 0.0353229 0.0225958 0.00112872 0.00466441 0.0175243 0.00869659 
0.0301607 0.0332881 0.021073 0.00101132 0.00391263 0.0164198 0.00798572 
0.0281563 0.031331 0.0196243 0.000900428 0.00322393 0.0153659 0.0073162 
0.0262476 0.0294505 0.0182477 0.000795993 0.00259544 0.0143613 0.0066867 
0.0244322 0.0276455 0.0169411 0.000697945 0.00202432 0.0134046 0.00609587 
0.0227074 0.0259147 0.0157027 0.0006062 0.00150775 0.0124945 0.00554239 
0.0210709 0.024257 0.0145304 0.000520655 0.00104293 0.0116296 0.00502491 
0.01952 0.022671 0.0134221 0.000441196 0.000627123 0.0108085 0.00454208 
0.0180523 0.0211555 0.0123758 0.000367693 0.000257617 0.01003 0.00409256 
0.0166651 0.0197091 0.0113895 0.000300001 -6.82572e-05 0.00929268 0.003675 
0.015356 0.0183303 0.0104612 0.000237964 -0.000353121 0.00859523 0.00328806 
0.0141223 0.0170177 0.00958881 0.000181413 -0.000599549 0.00793632 0.0029304 
0.0129615 0.0157699 0.00877032 0.00013017 -0.000810063 0.00731464 0.00260071 
0.0118711 0.0145852 0.00800371 8.40447e-05 -0.000987131 0.00672889 0.00229766 
0.0108483 0.0134623 0.00728698 4.2838e-05 -0.00113316 0.00617778 0.00201995 
0.0098908 0.0123994 0.00661811 6.34258e-06 -0.00125051 0.00566002 0.00176629 
0.00899595 0.011395 0.00599513 -2.56565e-05 -0.00134146 0.00517435 0.0015354 
0.00816126 0.0104474 0.00541608 -5.33808e-05 -0.00140823 0.00471952 0.00132604 
0.00738422 0.00955504 0.00487901 -7.70578e-05 -0.00145299 0.00429429 0.00113695 
0.00666236 0.00871622 0.004382 -9.69197e-05 -0.00147782 0.00389744 0.000966935 
0.00599323 0.00792925 0.00392314 -0.000113202 -0.00148473 0.00352778 0.000814791 
0.00537439 0.00719242 0.00350056 -0.000126145 -0.00147566 0.00318411 0.000679355 
0.00480346 0.00650402 0.00311242 -0.000135988 -0.00145249 0.00286528 0.000559485 
0.00427807 0.00586233 0.0027569 -0.000142975 -0.00141699 0.00257013 0.000454069 
0.00379591 0.00526561 0.00243222 -0.000147346 -0.00137088 0.00229754 0.000362024 
0.00335469 0.00471213 0.00213663 -0.000149342 -0.00131578 0.00204641 0.000282298 
0.00295216 0.00420015 0.00186843 -0.000149204 -0.00125325 0.00181566 0.000213873 
0.00258613 0.00372793 0.00162594 -0.000147168 -0.00118473 0.00160423 0.000155763 
0.00225444 0.00329373 0.00140753 -0.000143465 -0.00111162 0.00141107 0.000107018 
0.00195499 0.00289581 0.0012116 -0.000138325 -0.00103519 0.00123518 6.6725e-05 
0.00168573 0.00253244 0.00103663 -0.000131968 -0.00095666 0.00107557 3.40093e-05 
0.00144465 0.00220191 0.000881096 -0.000124611 -0.000877137 0.00093128 8.03457e-06 
0.00122981 0.0019025 0.000743554 -0.00011646 -0.000797649 0.000801359 -1.19954e-05 
0.00103933 0.00163252 0.000622599 -0.000107715 -0.000719136 0.000684898 -2.68356e-05 
0.000871363 0.00139029 0.000516874 -9.85663e-05 -0.000642444 0.000581007 -3.71989e-05 
0.000724151 0.00117413 0.000425075 -8.91917e-05 -0.00056833 0.000488821 -4.37551e-05 
0.000595983 0.000982414 0.000345951 -7.97591e-05 -0.000497463 0.000407503 -4.71303e-05 
0.000485214 0.000813507 0.000278304 -7.0424e-05 -0.000430418 0.000336239 -4.79058e-05 
0.000390264 0.000665809 0.000220988 -6.13282e-05 -0.00036768 0.000274243 -4.66177e-05 
0.00030962 0.000537747 0.000172917 -5.25997e-05 -0.000309644 0.000220754 -4.37561e-05 
0.000241835 0.000427769 0.000133059 -4.43514e-05 -0.000256616 0.000175036 -3.97648e-05 
0.000185531 0.000334358 0.000100439 -3.66803e-05 -0.000208808 0.000136382 -3.50402e-05 
0.0001394 0.000256023 7.41421e-05 -2.96669e-05 -0.000166346 0.000104107 -2.99316e-05 
0.000102203 0.000191309 5.33101e-05 -2.33738e-05 -0.000129264 7.75531e-05 -2.47403e-05 
7.2773e-05 0.000138793 3.71457e-05 -1.78455e-05 -9.75114e-05 5.60877e-05 -1.97197e-05 
5.00135e-05 9.709e-05 2.49111e-05 -1.31073e-05 -7.09465e-05 3.91034e-05 -1.50748e-05 
3.29013e-05 6.48506e-05 1.5929e-05 -9.1646e-06 -4.93425e-05 2.60172e-05 -1.09621e-05 
2.04851e-05 4.07654e-05 9.583e-06 -6.00213e-06 -3.23871e-05 1.62709e-05 -7.48969e-06 
1.1887e-05 2.35657e-05 5.31758e-06 -3.5832e-06 -1.96832e-05 9.33014e-06 -4.7171e-06 
6.30191e-06 1.20244e-05 2.63863e-06 -1.84904e-06 -1.07508e-05 4.68438e-06 -2.65543e-06 
2.99826e-06 4.95776e-06 1.11339e-06 -7.18099e-07 -5.02821e-06 1.8462e-06 -1.26745e-06 
1.31763e-06 1.22693e-06 3.70521e-07 -8.53816e-08 -1.87328e-06 3.50911e-07 -4.67818e-07 
6.74827e-07 -2.61289e-07 1.00053e-07 1.78171e-07 -5.65362e-07 -2.43993e-07 -1.2337e-07 
5.57595e-07 -5.53051e-07 5.32476e-08 2.26292e-07 -3.06826e-07 -3.59431e-07 -5.34475e-08 
