0 0 0 0 0 0 0 
-0.00268141 -0.00701259 -0.0009044 0.00153547 0.00706723 -0.00280307 0.00206529 
-0.00567885 -0.0160305 -0.00160532 0.00383103 0.0172006 -0.00641261 0.00524305 
-0.00796503 -0.0245398 -0.00170696 0.00639416 0.0280265 -0.00983227 0.00887551 
-0.00954723 -0.032532 -0.00121467 0.00922976 0.0395231 -0.0130693 0.0129559 
-0.0104337 -0.0399995 -0.000134535 0.0123421 0.0516676 -0.0161315 0.0174769 
-0.0106336 -0.0469358 0.00152658 0.0157353 0.0644365 -0.0190269 0.0224303 
-0.0101573 -0.0533349 0.00376103 0.0194128 0.0778051 -0.0217636 0.0278075 
-0.00901587 -0.0591917 0.00656044 0.0233782 0.0917481 -0.0243503 0.0335991 
-0.0072214 -0.0645018 0.00991568 0.0276342 0.10624 -0.0267958 0.0397954 
-0.00478695 -0.0692614 0.0138169 0.0321837 0.121253 -0.0291091 0.0463857 
-0.00172644 -0.0734678 0.0182535 0.0370289 0.13676 -0.0312995 0.053359 
0.00194532 -0.0771187 0.0232143 0.0421718 0.152733 -0.0333764 0.0607037 
0.00621266 -0.0802128 0.0286872 0.047614 0.169142 -0.0353496 0.0684076 
0.0110591 -0.0827495 0.0346596 0.0533567 0.18596 -0.0372287 0.0764578 
0.0164672 -0.0847288 0.0411183 0.0594008 0.203154 -0.0390239 0.0848413 
0.0224191 -0.0861517 0.0480492 0.0657469 0.220695 -0.0407453 0.0935442 
0.0288957 -0.0870199 0.055438 0.072395 0.238552 -0.0424031 0.102552 
0.0358775 -0.0873357 0.0632693 0.079345 0.256693 -0.0440076 0.111851 
0.0433443 -0.0871022 0.0715274 0.0865962 0.275086 -0.0455695 0.121425 
0.0512749 -0.0863235 0.0801961 0.0941478 0.293698 -0.0470991 0.131258 
0.0596478 -0.085004 0.0892585 0.101998 0.312497 -0.0486072 0.141335 
0.0684407 -0.0831492 0.0986972 0.110146 0.33145 -0.0501043 0.15164 
0.0776308 -0.0807651 0.108494 0.118589 0.350523 -0.0516012 0.162155 
0.0871946 -0.0778586 0.118631 0.127324 0.369682 -0.0531085 0.172864 
0.0971082 -0.0744371 0.12909 0.13635 0.388894 -0.054637 0.183748 
0.107347 -0.0705089 0.13985 0.145662 0.408126 -0.0561973 0.19479 
0.117887 -0.0660828 0.150892 0.155256 0.427341 -0.0578 0.205973 
0.128701 -0.0611684 0.162197 0.16513 0.446508 -0.0594557 0.217277 
0.139765 -0.0557758 0.173743 0.175279 0.465591 -0.0611748 0.228685 
0.151053 -0.0499161 0.185511 0.185697 0.484556 -0.0629679 0.240177 
0.162537 -0.0436007 0.197478 0.19638 0.503368 -0.0648452 0.251734 
0.174191 -0.0368417 0.209623 0.207322 0.521995 -0.0668168 0.263337 
0.185989 -0.0296518 0.221925 0.218518 0.540402 -0.0688929 0.274967 
0.197902 -0.0220444 0.234362 0.229961 0.558555 -0.0710833 0.286604 
0.209904 -0.0140335 0.246912 0.241645 0.57642 -0.0733977 0.298229 
0.221967 -0.00563331 0.259551 0.253563 0.593964 -0.0758457 0.309822 
0.234063 0.00314098 0.272259 0.265707 0.611155 -0.0784365 0.321364 
0.246165 0.0122739 0.285012 0.278071 0.627959 -0.0811793 0.332833 
0.258245 0.0217495 0.297787 0.290646 0.644344 -0.084083 0.344212 
0.270274 0.0315511 0.310561 0.303423 0.660277 -0.0871562 0.355479 
0.282226 0.0416618 0.323312 0.316395 0.675729 -0.0904072 0.366616 
0.294072 0.0520643 0.336017 0.329553 0.690666 -0.0938442 0.377602 
0.305785 0.0627406 0.348652 0.342887 0.705059 -0.097475 0.388418 
0.317338 0.0736725 0.361195 0.356387 0.718878 -0.101307 0.399044 
0.328702 0.0848414 0.373623 0.370045 0.732094 -0.105347 0.409462 
0.339851 0.0962283 0.385912 0.38385 0.744676 -0.109603 0.419651 
0.350759 0.107814 0.398041 0.397791 0.756598 -0.114081 0.429593 
0.361397 0.119578 0.409987 0.411858 0.767832 -0.118786 0.439269 
0.371741 0.131502 0.421727 0.426041 0.778351 -0.123726 0.44866 
0.381763 0.143565 0.433238 0.440327 0.788129 -0.128904 0.457748 
0.39144 0.155746 0.4445 0.454707 0.797141 -0.134327 0.466515 
0.400744 0.168025 0.455489 0.469167 0.805363 -0.139998 0.474942 
0.409653 0.180381 0.466185 0.483696 0.81277 -0.145923 0.483014 
0.41814 0.192793 0.476565 0.498283 0.81934 -0.152104 0.490712 
0.426184 0.20524 0.48661 0.512914 0.825052 -0.158546 0.498019 
0.433759 0.217701 0.496298 0.527578 0.829885 -0.16525 0.504919 
0.440845 0.230153 0.505609 0.542262 0.833818 -0.172221 0.511397 
0.447418 0.242577 0.514522 0.556953 0.836833 -0.179459 0.517435 
0.453457 0.25495 0.523019 0.571638 0.838913 -0.186967 0.523021 
0.458942 0.26725 0.531081 0.586305 0.840039 -0.194745 0.528137 
0.463853 0.279457 0.538688 0.600939 0.840196 -0.202794 0.532772 
0.468169 0.291549 0.545822 0.615527 0.83937 -0.211115 0.536909 
0.471873 0.303504 0.552466 0.630057 0.837547 -0.219707 0.540538 
0.474947 0.315302 0.558602 0.644514 0.834714 -0.228569 0.543644 
0.477373 0.32692 0.564214 0.658885 0.83086 -0.2377 0.546215 
0.479136 0.338339 0.569285 0.673156 0.825975 -0.247099 0.548241 
0.480219 0.349536 0.5738 0.687313 0.820049 -0.256763 0.549709 
0.480608 0.360492 0.577744 0.701343 0.813075 -0.266689 0.55061 
0.48029 0.371185 0.581102 0.715231 0.805046 -0.276875 0.550934 
0.479252 0.381596 0.583861 0.728965 0.795956 -0.287316 0.550672 
0.477481 0.391705 0.586008 0.742529 0.785801 -0.298009 0.549815 
0.474968 0.401491 0.58753 0.75591 0.774578 -0.308948 0.548355 
0.471701 0.410936 0.588414 0.769094 0.762285 -0.320129 0.546285 
0.467672 0.42002 0.588651 0.782067 0.748921 -0.331546 0.543599 
0.462872 0.428724 0.58823 0.794815 0.734487 -0.343192 0.540291 
0.457296 0.437031 0.587141 0.807326 0.718984 -0.355062 0.536355 
0.450935 0.444922 0.585374 0.819584 0.702416 -0.367148 0.531787 
0.443786 0.45238 0.582923 0.831576 0.684787 -0.379443 0.526583 
0.435845 0.459387 0.579779 0.84329 0.666103 -0.391938 0.520741 
0.427108 0.465927 0.575935 0.85471 0.646369 -0.404625 0.514258 
0.417573 0.471984 0.571386 0.865825 0.625595 -0.417495 0.507132 
0.40724 0.477542 0.566126 0.876621 0.603789 -0.430539 0.499363 
0.396108 0.482586 0.560152 0.887085 0.580962 -0.443747 0.49095 
0.384179 0.487102 0.553459 0.897203 0.557126 -0.457109 0.481895 
0.371455 0.491075 0.546044 0.906964 0.532293 -0.470613 0.472198 
0.357939 0.494492 0.537906 0.916356 0.506477 -0.48425 0.461863 
0.343636 0.49734 0.529044 0.925364 0.479694 -0.498006 0.45089 
0.328551 0.499607 0.519457 0.933978 0.45196 -0.511871 0.439286 
0.312691 0.501281 0.509145 0.942186 0.423293 -0.525833 0.427053 
0.296062 0.502352 0.49811 0.949976 0.393711 -0.539878 0.414196 
0.278675 0.502809 0.486354 0.957336 0.363234 -0.553993 0.400723 
0.260537 0.502642 0.47388 0.964256 0.331884 -0.568166 0.38664 
0.24166 0.501843 0.460691 0.970724 0.299682 -0.582382 0.371953 
0.222056 0.500404 0.446793 0.976731 0.266651 -0.596627 0.356671 
0.201737 0.498316 0.43219 0.982265 0.232816 -0.610888 0.340803 
0.180717 0.495572 0.416888 0.987316 0.198202 -0.625149 0.324359 
0.15901 0.492168 0.400895 0.991875 0.162835 -0.639396 0.307349 
0.136633 0.488098 0.384219 0.995933 0.126743 -0.653613 0.289783 
0.113602 0.483356 0.366868 0.999481 0.0899532 -0.667785 0.271674 
0.0899344 0.477939 0.34885 1.00251 0.0524951 -0.681896 0.253034 
0.0656488 0.471845 0.330178 1.00501 0.0143987 -0.695931 0.233876 
0.0407647 0.46507 0.310861 1.00697 -0.0243051 -0.709874 0.214214 
0.0153025 0.457613 0.29091 1.0084 -0.0635846 -0.723708 0.194063 
-0.0107166 0.449474 0.27034 1.00927 -0.103407 -0.737416 0.173437 
-0.0372704 0.440653 0.249162 1.00958 -0.143739 -0.750983 0.152352 
-0.0643362 0.43115 0.227392 1.00933 -0.184547 -0.764391 0.130825 
-0.09189 0.420967 0.205042 1.00851 -0.225796 -0.777624 0.108872 
-0.119907 0.410106 0.18213 1.00711 -0.26745 -0.790665 0.0865113 
-0.148363 0.398571 0.15867 1.00514 -0.309473 -0.803497 0.0637608 
-0.177231 0.386366 0.13468 1.00257 -0.351828 -0.816103 0.0406393 
-0.206485 0.373495 0.110177 0.99942 -0.394479 -0.828465 0.0171659 
-0.236096 0.359964 0.0851793 0.995672 -0.437386 -0.840568 -0.00663958 
-0.266037 0.34578 0.0597054 0.991326 -0.480513 -0.852392 -0.0307568 
-0.29628 0.330949 0.0337748 0.986379 -0.523819 -0.863923 -0.0551651 
-0.326794 0.315479 0.00740723 0.980829 -0.567266 -0.875142 -0.0798431 
-0.35755 0.299379 -0.0193767 0.974673 -0.610813 -0.886032 -0.104769 
-0.388518 0.282659 -0.0465558 0.967908 -0.654422 -0.896577 -0.129921 
-0.419666 0.265329 -0.0741086 0.960535 -0.69805 -0.90676 -0.155277 
-0.450963 0.247399 -0.102013 0.952552 -0.741659 -0.916564 -0.180813 
-0.482377 0.228882 -0.130246 0.943958 -0.785207 -0.925973 -0.206506 
-0.513877 0.209789 -0.158785 0.934755 -0.828653 -0.93497 -0.232333 
-0.545428 0.190134 -0.187606 0.924941 -0.871956 -0.943539 -0.258269 
-0.576999 0.169931 -0.216686 0.914519 -0.915074 -0.951664 -0.284291 
-0.608556 0.149194 -0.245999 0.903489 -0.957967 -0.95933 -0.310374 
-0.640065 0.127938 -0.275521 0.891854 -1.00059 -0.96652 -0.336493 
-0.671493 0.10618 -0.305226 0.879616 -1.04291 -0.97322 -0.362622 
-0.702805 0.0839353 -0.33509 0.866777 -1.08488 -0.979414 -0.388738 
-0.733968 0.0612218 -0.365087 0.853342 -1.12645 -0.985087 -0.414815 
-0.764947 0.0380571 -0.395189 0.839314 -1.1676 -0.990226 -0.440826 
-0.795708 0.0144595 -0.425372 0.824698 -1.20827 -0.994816 -0.466747 
-0.826217 -0.00955189 -0.455607 0.809497 -1.24843 -0.998843 -0.492551 
-0.856439 -0.0339576 -0.485869 0.793717 -1.28803 -1.00229 -0.518214 
-0.88634 -0.0587375 -0.516131 0.777365 -1.32705 -1.00516 -0.543708 
-0.915885 -0.0838709 -0.546364 0.760445 -1.36542 -1.00742 -0.569008 
-0.94504 -0.109337 -0.576543 0.742965 -1.40313 -1.00906 -0.594089 
-0.973772 -0.135113 -0.606638 0.724931 -1.44012 -1.01008 -0.618923 
-1.00205 -0.161178 -0.636624 0.706351 -1.47637 -1.01047 -0.643487 
-1.02983 -0.18751 -0.666472 0.687233 -1.51183 -1.01021 -0.667753 
-1.05709 -0.214084 -0.696154 0.667585 -1.54646 -1.00928 -0.691696 
-1.08379 -0.240878 -0.725644 0.647416 -1.58023 -1.00769 -0.715292 
-1.1099 -0.267868 -0.754912 0.626736 -1.61311 -1.00543 -0.738514 
-1.13539 -0.295029 -0.783933 0.605552 -1.64505 -1.00248 -0.761337 
-1.16022 -0.322338 -0.812679 0.583877 -1.67603 -0.998828 -0.783737 
-1.18437 -0.34977 -0.841121 0.561719 -1.706 -0.994478 -0.805689 
-1.2078 -0.377298 -0.869234 0.53909 -1.73494 -0.98942 -0.827168 
-1.23048 -0.404899 -0.896989 0.516002 -1.76282 -0.983645 -0.848151 
-1.25239 -0.432546 -0.924361 0.492464 -1.78959 -0.977149 -0.868613 
-1.27349 -0.460214 -0.951322 0.46849 -1.81524 -0.969926 -0.888532 
-1.29375 -0.487877 -0.977846 0.444092 -1.83973 -0.96197 -0.907884 
-1.31315 -0.515508 -1.00391 0.419282 -1.86304 -0.953279 -0.926647 
-1.33166 -0.543082 -1.02948 0.394073 -1.88513 -0.943848 -0.944798 
-1.34925 -0.570571 -1.05454 0.368479 -1.90598 -0.933674 -0.962315 
-1.3659 -0.59795 -1.07906 0.342513 -1.92557 -0.922755 -0.979178 
-1.38158 -0.625192 -1.10301 0.316189 -1.94386 -0.911091 -0.995366 
-1.39626 -0.652271 -1.12637 0.289522 -1.96084 -0.898679 -1.01086 
-1.40993 -0.679159 -1.14913 0.262525 -1.97649 -0.885519 -1.02563 
-1.42256 -0.705831 -1.17124 0.235214 -1.99078 -0.871613 -1.03968 
-1.43413 -0.732261 -1.1927 0.207604 -2.00369 -0.85696 -1.05296 
-1.44462 -0.75842 -1.21348 0.179709 -2.01521 -0.841564 -1.06548 
-1.45401 -0.784285 -1.23355 0.151547 -2.02531 -0.825426 -1.07721 
-1.46228 -0.809828 -1.2529 0.123131 -2.03398 -0.80855 -1.08813 
-1.46941 -0.835023 -1.2715 0.0944789 -2.04121 -0.790939 -1.09823 
-1.47539 -0.859845 -1.28933 0.0656063 -2.04699 -0.772598 -1.10749 
-1.4802 -0.884269 -1.30638 0.0365296 -2.05129 -0.753533 -1.1159 
-1.48382 -0.908268 -1.32263 0.00726548 -2.05411 -0.733749 -1.12345 
-1.48625 -0.931819 -1.33805 -0.0221694 -2.05544 -0.713254 -1.13011 
-1.48746 -0.954895 -1.35262 -0.0517581 -2.05527 -0.692054 -1.13589 
-1.48746 -0.977474 -1.36634 -0.0814837 -2.05359 -0.670157 -1.14076 
-1.48622 -0.999531 -1.37919 -0.111329 -2.05041 -0.647573 -1.14472 
-1.48375 -1.02104 -1.39114 -0.141276 -2.0457 -0.62431 -1.14775 
-1.48002 -1.04198 -1.40219 -0.171309 -2.03948 -0.60038 -1.14984 
-1.47504 -1.06233 -1.41232 -0.201409 -2.03174 -0.575792 -1.151 
-1.46881 -1.08207 -1.42152 -0.231559 -2.02247 -0.550559 -1.1512 
-1.4613 -1.10117 -1.42977 -0.261742 -2.01169 -0.524692 -1.15045 
-1.45253 -1.11962 -1.43706 -0.291939 -1.99939 -0.498205 -1.14874 
-1.4425 -1.13738 -1.44338 -0.322133 -1.98557 -0.47111 -1.14605 
-1.43119 -1.15445 -1.44873 -0.352307 -1.97025 -0.443422 -1.14239 
-1.41862 -1.1708 -1.45308 -0.382443 -1.95343 -0.415157 -1.13776 
-1.40478 -1.18641 -1.45644 -0.412523 -1.93512 -0.386328 -1.13215 
-1.38968 -1.20126 -1.4588 -0.44253 -1.91532 -0.356953 -1.12555 
-1.37333 -1.21535 -1.46014 -0.472445 -1.89406 -0.327048 -1.11798 
-1.35572 -1.22864 -1.46046 -0.502252 -1.87133 -0.296629 -1.10942 
-1.33687 -1.24112 -1.45977 -0.531933 -1.84716 -0.265716 -1.09989 
-1.31678 -1.25278 -1.45804 -0.561471 -1.82156 -0.234326 -1.08938 
-1.29547 -1.2636 -1.45529 -0.590847 -1.79455 -0.202479 -1.07789 
-1.27294 -1.27357 -1.4515 -0.620047 -1.76614 -0.170193 -1.06543 
-1.24921 -1.28268 -1.44668 -0.649051 -1.73635 -0.137489 -1.052 
-1.22429 -1.2909 -1.44083 -0.677843 -1.70521 -0.104388 -1.03761 
-1.1982 -1.29823 -1.43394 -0.706407 -1.67274 -0.0709103 -1.02227 
-1.17095 -1.30466 -1.42601 -0.734726 -1.63895 -0.0370775 -1.00598 
-1.14256 -1.31017 -1.41706 -0.762784 -1.60388 -0.00291178 -0.988749 
-1.11305 -1.31476 -1.40708 -0.790564 -1.56754 0.0315645 -0.970591 
-1.08243 -1.31842 -1.39607 -0.81805 -1.52998 0.0663285 -0.951512 
-1.05074 -1.32114 -1.38405 -0.845227 -1.4912 0.101357 -0.931525 
-1.01798 -1.32291 -1.37101 -0.87208 -1.45125 0.136626 -0.910641 
-0.984187 -1.32373 -1.35696 -0.898591 -1.41015 0.172112 -0.888874 
-0.949382 -1.32359 -1.34191 -0.924748 -1.36793 0.20779 -0.866235 
-0.913589 -1.32248 -1.32588 -0.950535 -1.32464 0.243635 -0.842741 
-0.876836 -1.3204 -1.30886 -0.975937 -1.28029 0.279624 -0.818406 
-0.839149 -1.31736 -1.29087 -1.00094 -1.23492 0.315729 -0.793247 
-0.800558 -1.31334 -1.27191 -1.02553 -1.18858 0.351926 -0.76728 
-0.761092 -1.30835 -1.25201 -1.0497 -1.14129 0.388188 -0.740523 
-0.720782 -1.30238 -1.23117 -1.07342 -1.0931 0.424491 -0.712995 
-0.679658 -1.29544 -1.20941 -1.09669 -1.04404 0.460807 -0.684715 
-0.637754 -1.28753 -1.18674 -1.1195 -0.994145 0.497109 -0.655704 
-0.595103 -1.27865 -1.16318 -1.14183 -0.943465 0.533373 -0.625981 
-0.551739 -1.2688 -1.13874 -1.16367 -0.892038 0.569569 -0.595569 
-0.507698 -1.25799 -1.11344 -1.18501 -0.839904 0.605673 -0.56449 
-0.463014 -1.24623 -1.08729 -1.20584 -0.787105 0.641657 -0.532767 
-0.417725 -1.23352 -1.06032 -1.22615 -0.733685 0.677493 -0.500423 
-0.371869 -1.21986 -1.03254 -1.24592 -0.679686 0.713156 -0.467483 
-0.325483 -1.20527 -1.00398 -1.26515 -0.625154 0.748617 -0.433972 
-0.278606 -1.18975 -0.974653 -1.28383 -0.570132 0.783851 -0.399916 
-0.231278 -1.17332 -0.94458 -1.30195 -0.514666 0.81883 -0.36534 
-0.183538 -1.15598 -0.913783 -1.3195 -0.458802 0.853526 -0.330272 
-0.135429 -1.13775 -0.882286 -1.33647 -0.402584 0.887914 -0.294739 
-0.0869899 -1.11864 -0.850111 -1.35285 -0.346061 0.921967 -0.258767 
-0.0382634 -1.09866 -0.817283 -1.36864 -0.289278 0.955657 -0.222387 
0.0107084 -1.07782 -0.783824 -1.38383 -0.232283 0.98896 -0.185627 
0.059883 -1.05615 -0.749761 -1.39841 -0.175123 1.02185 -0.148515 
0.109218 -1.03365 -0.715118 -1.41238 -0.117846 1.0543 -0.111082 
0.158669 -1.01034 -0.679921 -1.42573 -0.0604984 1.08628 -0.0733574 
0.208193 -0.986244 -0.644198 -1.43845 -0.00312891 1.11777 -0.0353721 
0.257746 -0.961376 -0.607973 -1.45055 0.0542148 1.14874 0.0028432 
0.307284 -0.935755 -0.571276 -1.46202 0.111485 1.17917 0.0412574 
0.356764 -0.909401 -0.534133 -1.47285 0.168633 1.20904 0.0798391 
0.406139 -0.882333 -0.496573 -1.48304 0.225612 1.23831 0.118557 
0.455368 -0.854573 -0.458624 -1.49259 0.282374 1.26697 0.157378 
0.504403 -0.826143 -0.420315 -1.50149 0.338871 1.295 0.196271 
0.553203 -0.797065 -0.381675 -1.50975 0.395057 1.32236 0.235204 
0.601721 -0.767361 -0.342734 -1.51736 0.450883 1.34904 0.274143 
0.649913 -0.737056 -0.303521 -1.52432 0.506304 1.37501 0.313057 
0.697737 -0.706173 -0.264067 -1.53064 0.561272 1.40026 0.351912 
0.745146 -0.674738 -0.224401 -1.5363 0.615742 1.42476 0.390676 
0.792099 -0.642775 -0.184554 -1.54132 0.669668 1.4485 0.429317 
0.838551 -0.610311 -0.144557 -1.54569 0.723004 1.47144 0.467801 
0.884459 -0.577373 -0.10444 -1.54941 0.775707 1.49358 0.506095 
0.92978 -0.543986 -0.0642341 -1.55249 0.827731 1.51489 0.544167 
0.974472 -0.510179 -0.0239699 -1.55493 0.879034 1.53536 0.581984 
1.01849 -0.475978 0.0163216 -1.55673 0.929572 1.55497 0.619514 
1.0618 -0.441413 0.0566093 -1.5579 0.979304 1.5737 0.656725 
1.10436 -0.406512 0.0968624 -1.55844 1.02819 1.59153 0.693583 
1.14612 -0.371304 0.13705 -1.55834 1.07618 1.60846 0.730058 
1.18705 -0.335818 0.177141 -1.55763 1.12325 1.62446 0.766117 
1.2271 -0.300084 0.217105 -1.5563 1.16934 1.63952 0.801729 
1.26624 -0.264131 0.256912 -1.55435 1.21443 1.65363 0.836863 
1.30444 -0.227991 0.29653 -1.55181 1.25848 1.66678 0.871487 
1.34165 -0.191692 0.33593 -1.54866 1.30145 1.67895 0.905572 
1.37783 -0.155265 0.375081 -1.54492 1.3433 1.69013 0.939087 
1.41296 -0.118742 0.413953 -1.54059 1.384 1.70032 0.972002 
1.447 -0.0821533 0.452518 -1.53569 1.42352 1.7095 1.00429 
1.47992 -0.0455291 0.490745 -1.53021 1.46182 1.71767 1.03592 
1.51167 -0.00890089 0.528605 -1.52417 1.49888 1.72481 1.06686 
1.54224 0.0277004 0.566071 -1.51758 1.53466 1.73093 1.09709 
1.57158 0.0642438 0.603113 -1.51045 1.56913 1.73601 1.12658 
1.59968 0.100698 0.639703 -1.50278 1.60227 1.74005 1.15529 
1.6265 0.137033 0.675814 -1.49459 1.63405 1.74305 1.18322 
1.65202 0.173216 0.711419 -1.48588 1.66444 1.745 1.21032 
1.6762 0.209219 0.746491 -1.47667 1.69343 1.7459 1.23658 
1.69903 0.245008 0.781004 -1.46696 1.72099 1.74574 1.26197 
1.72048 0.280556 0.814933 -1.45677 1.74709 1.74454 1.28647 
1.74052 0.31583 0.848252 -1.44611 1.77172 1.74228 1.31006 
1.75915 0.350801 0.880936 -1.43499 1.79486 1.73897 1.3327 
1.77633 0.38544 0.912962 -1.42342 1.81649 1.73461 1.35439 
1.79205 0.419716 0.944306 -1.41141 1.83659 1.72921 1.3751 
1.80629 0.4536 0.974945 -1.39898 1.85516 1.72276 1.3948 
1.81903 0.487065 1.00486 -1.38614 1.87218 1.71528 1.41349 
1.83027 0.52008 1.03402 -1.37289 1.88763 1.70676 1.43115 
1.83998 0.552619 1.06242 -1.35927 1.90151 1.69722 1.44774 
1.84815 0.584653 1.09002 -1.34527 1.91381 1.68665 1.46327 
1.85479 0.616156 1.11682 -1.33091 1.92452 1.67508 1.47772 
1.85986 0.6471 1.14279 -1.3162 1.93363 1.66251 1.49106 
1.86338 0.677459 1.16791 -1.30116 1.94114 1.64895 1.50329 
1.86533 0.707208 1.19217 -1.2858 1.94706 1.6344 1.51439 
1.8657 0.736322 1.21555 -1.27014 1.95137 1.61889 1.52435 
1.8645 0.764776 1.23804 -1.25419 1.95407 1.60242 1.53316 
1.86173 0.792546 1.25962 -1.23796 1.95518 1.58501 1.54081 
1.85737 0.819609 1.28027 -1.22146 1.95469 1.56667 1.54729 
1.85144 0.845942 1.29999 -1.20472 1.9526 1.54742 1.55259 
1.84394 0.871524 1.31875 -1.18775 1.94893 1.52727 1.55671 
1.83486 0.896332 1.33656 -1.17055 1.94368 1.50624 1.55964 
1.82423 0.920348 1.35339 -1.15316 1.93686 1.48435 1.56138 
1.81204 0.94355 1.36924 -1.13557 1.92847 1.46161 1.56191 
1.7983 0.96592 1.3841 -1.1178 1.91854 1.43805 1.56124 
1.78302 0.987439 1.39796 -1.09987 1.90708 1.41368 1.55937 
1.76622 1.00809 1.41082 -1.0818 1.8941 1.38853 1.55629 
1.74791 1.02786 1.42266 -1.06359 1.87961 1.36261 1.552 
1.7281 1.04672 1.43349 -1.04526 1.86364 1.33595 1.54651 
1.7068 1.06468 1.44329 -1.02683 1.8462 1.30857 1.53981 
1.68405 1.0817 1.45206 -1.00831 1.82731 1.2805 1.53192 
1.65985 1.09778 1.45981 -0.989711 1.807 1.25176 1.52283 
1.63422 1.1129 1.46652 -0.971052 1.78529 1.22236 1.51255 
1.6072 1.12706 1.47221 -0.952345 1.7622 1.19235 1.50108 
1.57879 1.14025 1.47686 -0.933605 1.73776 1.16174 1.48844 
1.54903 1.15244 1.48048 -0.914844 1.712 1.13055 1.47462 
1.51794 1.16365 1.48307 -0.896077 1.68494 1.09883 1.45965 
1.48554 1.17385 1.48463 -0.877316 1.65661 1.06659 1.44352 
1.45188 1.18304 1.48517 -0.858576 1.62704 1.03386 1.42625 
1.41697 1.19122 1.48469 -0.839869 1.59627 1.00067 1.40786 
1.38084 1.19838 1.48319 -0.821208 1.56432 0.96705 1.38835 
1.34354 1.20451 1.48068 -0.802606 1.53123 0.933028 1.36774 
1.30509 1.20962 1.47718 -0.784075 1.49704 0.898634 1.34605 
1.26552 1.2137 1.47268 -0.765628 1.46178 0.863897 1.32328 
1.22488 1.21676 1.46719 -0.747276 1.42549 0.828848 1.29946 
1.1832 1.21878 1.46073 -0.729032 1.38821 0.793518 1.27461 
1.14052 1.21978 1.4533 -0.710908 1.34996 0.757936 1.24874 
1.09687 1.21976 1.44492 -0.692913 1.3108 0.722135 1.22187 
1.0523 1.21871 1.4356 -0.67506 1.27077 0.686146 1.19402 
1.00684 1.21665 1.42534 -0.65736 1.22989 0.649999 1.16521 
0.960547 1.21358 1.41417 -0.639822 1.18823 0.613728 1.13547 
0.913452 1.2095 1.40209 -0.622457 1.14581 0.577363 1.10481 
0.865602 1.20442 1.38913 -0.605275 1.10268 0.540937 1.07327 
0.81704 1.19835 1.37529 -0.588285 1.05889 0.504482 1.04086 
0.767812 1.1913 1.36059 -0.571497 1.01448 0.468029 1.00761 
0.717964 1.18328 1.34506 -0.55492 0.969486 0.431612 0.973548 
0.667542 1.1743 1.32871 -0.538563 0.923965 0.395261 0.938694 
0.616593 1.16437 1.31155 -0.522433 0.87796 0.35901 0.903079 
0.565164 1.1535 1.2936 -0.506539 0.831515 0.32289 0.86673 
0.513305 1.14172 1.27489 -0.490888 0.784677 0.286933 0.829675 
0.461063 1.12902 1.25543 -0.475487 0.737493 0.251172 0.791942 
0.408487 1.11544 1.23525 -0.460344 0.69001 0.215637 0.753561 
0.355628 1.10098 1.21437 -0.445466 0.642276 0.18036 0.714562 
0.302535 1.08566 1.1928 -0.430857 0.594336 0.145373 0.674975 
0.249258 1.0695 1.17057 -0.416525 0.54624 0.110706 0.634831 
0.195848 1.05252 1.14771 -0.402474 0.498034 0.076391 0.594161 
0.142355 1.03474 1.12423 -0.38871 0.449766 0.0424578 0.552997 
0.0888313 1.01618 1.10016 -0.375237 0.401484 0.00893681 0.511371 
0.0353268 0.996865 1.07552 -0.36206 0.353235 -0.0241422 0.469316 
-0.0181073 0.97681 1.05034 -0.349183 0.305066 -0.0567497 0.426864 
-0.0714198 0.95604 1.02465 -0.336609 0.257025 -0.0888567 0.384049 
-0.124559 0.93458 0.998457 -0.324341 0.209159 -0.120434 0.340903 
-0.177475 0.912454 0.9718 -0.312383 0.161514 -0.151455 0.297461 
-0.230117 0.889687 0.9447 -0.300737 0.114137 -0.18189 0.253756 
-0.282433 0.866303 0.917184 -0.289404 0.0670739 -0.211713 0.209823 
-0.334373 0.842329 0.889278 -0.278387 0.0203706 -0.240897 0.165696 
-0.385887 0.817793 0.861008 -0.267687 -0.0259276 -0.269417 0.121408 
-0.436926 0.79272 0.832401 -0.257305 -0.0717761 -0.297245 0.0769958 
-0.487438 0.767139 0.803483 -0.247241 -0.11713 -0.324359 0.0324924 
-0.537376 0.741078 0.774281 -0.237495 -0.161947 -0.350732 -0.0120673 
-0.586691 0.714566 0.744822 -0.228068 -0.206182 -0.376343 -0.0566487 
-0.635335 0.687632 0.715132 -0.218959 -0.249794 -0.401167 -0.101217 
-0.683259 0.660306 0.68524 -0.210166 -0.292741 -0.425183 -0.145738 
-0.730417 0.632618 0.65517 -0.201689 -0.334982 -0.44837 -0.190178 
-0.776763 0.604598 0.624952 -0.193526 -0.376476 -0.470706 -0.234501 
-0.822252 0.576277 0.594611 -0.185674 -0.417184 -0.492171 -0.278674 
-0.866837 0.547687 0.564174 -0.178133 -0.457067 -0.512746 -0.322662 
-0.910475 0.518857 0.533669 -0.170898 -0.496088 -0.532414 -0.366433 
-0.953123 0.48982 0.503121 -0.163967 -0.53421 -0.551156 -0.409952 
-0.994739 0.460608 0.472558 -0.157336 -0.571397 -0.568956 -0.453186 
-1.03528 0.431253 0.442006 -0.151002 -0.607614 -0.585797 -0.496102 
-1.07471 0.401787 0.41149 -0.144961 -0.642828 -0.601666 -0.538668 
-1.11298 0.372241 0.381038 -0.139208 -0.677006 -0.616547 -0.580851 
-1.15006 0.342649 0.350674 -0.133739 -0.710115 -0.630428 -0.62262 
-1.18591 0.313042 0.320424 -0.128549 -0.742126 -0.643297 -0.663942 
-1.2205 0.283454 0.290314 -0.123633 -0.773009 -0.655141 -0.704787 
-1.25378 0.253916 0.260368 -0.118984 -0.802736 -0.665951 -0.745125 
-1.28573 0.224461 0.230611 -0.114598 -0.831281 -0.675717 -0.784924 
-1.31631 0.195121 0.201066 -0.110469 -0.858616 -0.684432 -0.824157 
-1.34549 0.165928 0.171758 -0.106589 -0.884719 -0.692086 -0.862792 
-1.37324 0.136915 0.142711 -0.102952 -0.909565 -0.698674 -0.900803 
-1.39953 0.108112 0.113946 -0.0995527 -0.933133 -0.704191 -0.938161 
-1.42434 0.0795526 0.0854875 -0.0963825 -0.955402 -0.708631 -0.974839 
-1.44763 0.0512671 0.0573564 -0.0934345 -0.976353 -0.711991 -1.01081 
-1.46939 0.0232869 0.0295745 -0.0907013 -0.995969 -0.714269 -1.04605 
-1.48959 -0.0043571 0.00216296 -0.0881753 -1.01423 -0.715463 -1.08053 
-1.50821 -0.0316344 -0.0248577 -0.0858484 -1.03113 -0.715573 -1.11423 
-1.52523 -0.0585149 -0.0514674 -0.0837128 -1.04664 -0.714599 -1.14712 
-1.54062 -0.0849688 -0.0776469 -0.08176 -1.06077 -0.712544 -1.17919 
-1.55438 -0.110967 -0.103377 -0.0799818 -1.07349 -0.709408 -1.2104 
-1.56648 -0.13648 -0.12864 -0.0783696 -1.08479 -0.705196 -1.24074 
-1.57692 -0.161479 -0.153418 -0.0769146 -1.09468 -0.699913 -1.27019 
-1.58568 -0.185938 -0.177693 -0.0756081 -1.10314 -0.693564 -1.29872 
-1.59274 -0.209828 -0.20145 -0.0744411 -1.11017 -0.686156 -1.32632 
-1.59811 -0.233122 -0.224673 -0.0734046 -1.11576 -0.677697 -1.35297 
-1.60177 -0.255795 -0.247346 -0.0724893 -1.11991 -0.668194 -1.37866 
-1.60371 -0.277821 -0.269456 -0.0716861 -1.12263 -0.657658 -1.40336 
-1.60394 -0.299174 -0.290988 -0.0709857 -1.12391 -0.6461 -1.42706 
-1.60244 -0.319831 -0.31193 -0.0703786 -1.12375 -0.63353 -1.44975 
-1.59922 -0.339768 -0.33227 -0.0698554 -1.12217 -0.619962 -1.47141 
-1.59428 -0.358963 -0.351995 -0.0694067 -1.11916 -0.605409 -1.49202 
-1.58763 -0.377392 -0.371095 -0.069023 -1.11474 -0.589885 -1.51159 
-1.57925 -0.395034 -0.38956 -0.0686947 -1.1089 -0.573407 -1.5301 
-1.56917 -0.41187 -0.407381 -0.0684122 -1.10167 -0.555989 -1.54753 
-1.55738 -0.427879 -0.424549 -0.0681662 -1.09304 -0.53765 -1.56388 
-1.5439 -0.443042 -0.441056 -0.067947 -1.08304 -0.518408 -1.57914 
-1.52874 -0.457342 -0.456895 -0.0677452 -1.07169 -0.498282 -1.59331 
-1.5119 -0.470761 -0.47206 -0.0675513 -1.05898 -0.477291 -1.60638 
-1.49341 -0.483282 -0.486546 -0.0673559 -1.04495 -0.455456 -1.61833 
-1.47327 -0.494891 -0.500347 -0.0671497 -1.0296 -0.4328 -1.62918 
-1.45152 -0.505573 -0.51346 -0.0669234 -1.01297 -0.409343 -1.63892 
-1.42815 -0.515314 -0.525881 -0.0666679 -0.995064 -0.38511 -1.64753 
-1.4032 -0.524102 -0.537609 -0.066374 -0.975912 -0.360125 -1.65504 
-1.37669 -0.531926 -0.548641 -0.0660328 -0.955536 -0.334412 -1.66142 
-1.34863 -0.538774 -0.558977 -0.0656353 -0.93396 -0.307996 -1.66669 
-1.31906 -0.544637 -0.568616 -0.0651728 -0.911212 -0.280904 -1.67085 
-1.288 -0.549506 -0.577559 -0.0646368 -0.887317 -0.253163 -1.6739 
-1.25548 -0.553374 -0.585809 -0.0640187 -0.862305 -0.224799 -1.67584 
-1.22153 -0.556234 -0.593366 -0.0633101 -0.836206 -0.195842 -1.67668 
-1.18618 -0.558081 -0.600233 -0.062503 -0.809048 -0.16632 -1.67643 
-1.14945 -0.55891 -0.606416 -0.0615894 -0.780866 -0.136263 -1.67508 
-1.1114 -0.558718 -0.611917 -0.0605614 -0.751691 -0.105699 -1.67266 
-1.07204 -0.557502 -0.616742 -0.0594114 -0.721557 -0.0746602 -1.66916 
-1.03142 -0.555261 -0.620897 -0.0581321 -0.690499 -0.043177 -1.66461 
-0.989573 -0.551995 -0.624389 -0.0567162 -0.658553 -0.0112809 -1.659 
-0.946539 -0.547704 -0.627225 -0.0551567 -0.625756 0.0209963 -1.65235 
-0.902359 -0.54239 -0.629412 -0.0534469 -0.592145 0.0536223 -1.64467 
-0.857072 -0.536057 -0.63096 -0.0515802 -0.557759 0.0865644 -1.63598 
-0.810723 -0.528708 -0.631878 -0.0495503 -0.522636 0.119789 -1.62629 
-0.763354 -0.520348 -0.632175 -0.0473513 -0.486817 0.153264 -1.61562 
-0.715009 -0.510983 -0.631863 -0.0449772 -0.450343 0.186955 -1.60397 
-0.665736 -0.500621 -0.630952 -0.0424226 -0.413255 0.220827 -1.59137 
-0.615579 -0.48927 -0.629455 -0.0396823 -0.375594 0.254847 -1.57784 
-0.564588 -0.476938 -0.627384 -0.0367511 -0.337404 0.28898 -1.56339 
-0.51281 -0.463637 -0.624751 -0.0336245 -0.298728 0.323192 -1.54804 
-0.460295 -0.449377 -0.621571 -0.0302979 -0.259609 0.357448 -1.53182 
-0.407092 -0.43417 -0.617857 -0.0267673 -0.220092 0.391713 -1.51473 
-0.353254 -0.418031 -0.613624 -0.0230288 -0.18022 0.425951 -1.49681 
-0.298831 -0.400973 -0.608888 -0.0190788 -0.14004 0.460129 -1.47807 
-0.243876 -0.383012 -0.603663 -0.0149142 -0.099595 0.49421 -1.45854 
-0.188442 -0.364164 -0.597966 -0.010532 -0.058932 0.52816 -1.43824 
-0.132583 -0.344446 -0.591814 -0.00592951 -0.0180963 0.561944 -1.41719 
-0.076352 -0.323877 -0.585223 -0.00110448 0.0228662 0.595527 -1.39542 
-0.0198041 -0.302475 -0.57821 0.00394509 0.0639095 0.628873 -1.37296 
0.0370058 -0.280261 -0.570794 0.00922087 0.104987 0.661949 -1.34982 
0.0940224 -0.257254 -0.562992 0.0147242 0.146054 0.69472 -1.32603 
0.15119 -0.233479 -0.554823 0.0204562 0.187062 0.727151 -1.30163 
0.208453 -0.208955 -0.546305 0.0264175 0.227967 0.759209 -1.27663 
0.265755 -0.183708 -0.537458 0.0326084 0.268722 0.790859 -1.25107 
0.323039 -0.157762 -0.528301 0.0390292 0.309282 0.822069 -1.22496 
0.38025 -0.131141 -0.518853 0.0456794 0.3496 0.852804 -1.19835 
0.437331 -0.103872 -0.509134 0.0525585 0.389631 0.883032 -1.17125 
0.494225 -0.07598 -0.499164 0.0596656 0.42933 0.91272 -1.14369 
0.550877 -0.0474936 -0.488963 0.0669994 0.468653 0.941837 -1.11571 
0.607229 -0.0184403 -0.478551 0.0745584 0.507555 0.970351 -1.08734 
0.663227 0.0111513 -0.467949 0.0823407 0.545991 0.998231 -1.05859 
0.718813 0.0412518 -0.457177 0.0903441 0.583919 1.02545 -1.02951 
0.773933 0.0718314 -0.446256 0.098566 0.621296 1.05197 -1.00012 
0.82853 0.10286 -0.435206 0.107004 0.658078 1.07776 -0.970453 
0.882551 0.134305 -0.424047 0.115654 0.694225 1.1028 -0.940534 
0.935941 0.166137 -0.412801 0.124513 0.729695 1.12706 -0.910396 
0.988645 0.198323 -0.401488 0.133578 0.764448 1.15052 -0.880069 
1.04061 0.230831 -0.390129 0.142844 0.798443 1.17313 -0.849581 
1.09179 0.263627 -0.378743 0.152306 0.831643 1.19488 -0.818965 
1.14212 0.296679 -0.367352 0.161961 0.864008 1.21575 -0.788248 
1.19155 0.329952 -0.355975 0.171804 0.895502 1.2357 -0.757461 
1.24004 0.363413 -0.344633 0.181828 0.926088 1.25472 -0.726634 
1.28753 0.397026 -0.333346 0.192029 0.95573 1.27277 -0.695796 
1.33398 0.430759 -0.322132 0.2024 0.984395 1.28985 -0.664976 
1.37934 0.464575 -0.311013 0.212937 1.01205 1.30592 -0.634203 
1.42355 0.49844 -0.300006 0.223632 1.03866 1.32096 -0.603508 
1.46658 0.532318 -0.289131 0.234478 1.0642 1.33496 -0.572917 
1.50838 0.566175 -0.278407 0.24547 1.08863 1.3479 -0.542459 
1.5489 0.599973 -0.267852 0.2566 1.11192 1.35976 -0.512163 
1.58809 0.633679 -0.257484 0.26786 1.13406 1.37051 -0.482057 
1.62593 0.667256 -0.24732 0.279244 1.155 1.38016 -0.452167 
1.66237 0.70067 -0.237378 0.290743 1.17473 1.38867 -0.42252 
1.69736 0.733883 -0.227676 0.30235 1.19323 1.39604 -0.393144 
1.73088 0.766861 -0.218229 0.314056 1.21046 1.40225 -0.364064 
1.76288 0.799568 -0.209053 0.325854 1.22641 1.4073 -0.335306 
1.79333 0.83197 -0.200164 0.337734 1.24105 1.41116 -0.306895 
1.82219 0.864031 -0.191577 0.349689 1.25438 1.41383 -0.278855 
1.84943 0.895715 -0.183307 0.361708 1.26636 1.41531 -0.251212 
1.87502 0.92699 -0.175368 0.373784 1.27699 1.41558 -0.223987 
1.89893 0.957819 -0.167774 0.385907 1.28625 1.41463 -0.197205 
1.92114 0.98817 -0.160537 0.398068 1.29413 1.41246 -0.170888 
1.94161 1.01801 -0.15367 0.410257 1.30061 1.40907 -0.145057 
1.96032 1.0473 -0.147184 0.422466 1.30568 1.40445 -0.119733 
1.97725 1.07601 -0.141092 0.434684 1.30934 1.3986 -0.0949367 
1.99237 1.10412 -0.135404 0.446901 1.31158 1.39152 -0.0706879 
2.00567 1.13157 -0.130129 0.459109 1.31239 1.38321 -0.0470054 
2.01713 1.15836 -0.125278 0.471297 1.31177 1.37366 -0.0239075 
2.02673 1.18444 -0.120859 0.483455 1.30971 1.36288 -0.00141167 
2.03445 1.20978 -0.11688 0.495573 1.30622 1.35088 0.0204653 
2.04029 1.23435 -0.113349 0.507642 1.30129 1.33765 0.0417075 
2.04422 1.25813 -0.110272 0.51965 1.29493 1.32321 0.0622998 
2.04625 1.28109 -0.107655 0.53159 1.28714 1.30755 0.0822277 
2.04636 1.3032 -0.105505 0.543449 1.27792 1.29069 0.101478 
2.04455 1.32442 -0.103825 0.555218 1.26728 1.27264 0.120037 
2.04082 1.34475 -0.10262 0.566888 1.25523 1.2534 0.137894 
2.03515 1.36414 -0.101892 0.578447 1.24178 1.23298 0.155038 
2.02755 1.38257 -0.101645 0.589887 1.22693 1.2114 0.171458 
2.01803 1.40003 -0.101881 0.601197 1.21071 1.18867 0.187145 
2.00658 1.41648 -0.102599 0.612367 1.19312 1.1648 0.20209 
1.9932 1.43191 -0.103801 0.623388 1.17418 1.13981 0.216287 
1.97792 1.4463 -0.105486 0.634249 1.1539 1.11371 0.229728 
1.96073 1.45961 -0.107654 0.644942 1.13231 1.08652 0.242408 
1.94164 1.47184 -0.110302 0.655456 1.10943 1.05826 0.254322 
1.92067 1.48297 -0.113427 0.665783 1.08527 1.02895 0.265466 
1.89784 1.49297 -0.117027 0.675913 1.05986 0.9986 0.275838 
1.87315 1.50184 -0.121097 0.685836 1.03322 0.967241 0.285434 
1.84662 1.50955 -0.125632 0.695544 1.00537 0.934891 0.294253 
1.81828 1.51609 -0.130628 0.705028 0.976349 0.901573 0.302296 
1.78814 1.52145 -0.136077 0.714279 0.946179 0.867311 0.309563 
1.75623 1.52561 -0.141973 0.723289 0.914888 0.832128 0.316056 
1.72257 1.52857 -0.148308 0.73205 0.882508 0.796051 0.321776 
1.6872 1.53031 -0.155074 0.740552 0.84907 0.759105 0.326728 
1.65012 1.53083 -0.162261 0.748788 0.814606 0.721316 0.330916 
1.61139 1.53011 -0.169861 0.756751 0.779151 0.682714 0.334344 
1.57102 1.52816 -0.177862 0.764433 0.74274 0.643326 0.337018 
1.52905 1.52495 -0.186253 0.771826 0.705408 0.603181 0.338946 
1.48552 1.5205 -0.195024 0.778924 0.667192 0.56231 0.340135 
1.44046 1.51479 -0.20416 0.785719 0.628132 0.520743 0.340594 
1.3939 1.50783 -0.21365 0.792206 0.588267 0.478512 0.340332 
1.3459 1.4996 -0.223479 0.798377 0.547635 0.435648 0.339359 
1.29648 1.49012 -0.233634 0.804226 0.506279 0.392184 0.337687 
1.24569 1.47939 -0.2441 0.809749 0.464241 0.348152 0.335327 
1.19358 1.4674 -0.25486 0.814939 0.421563 0.303588 0.332292 
1.14018 1.45416 -0.2659 0.819791 0.378288 0.258525 0.328596 
1.08554 1.43967 -0.277203 0.824301 0.334462 0.212998 0.324252 
1.02972 1.42395 -0.288751 0.828462 0.290129 0.167041 0.319276 
0.972756 1.40699 -0.300528 0.832273 0.245334 0.120692 0.313683 
0.914701 1.3888 -0.312514 0.835727 0.200125 0.0739846 0.307489 
0.855606 1.3694 -0.324693 0.838822 0.154547 0.0269567 0.300713 
0.795522 1.3488 -0.337044 0.841554 0.108649 -0.0203554 0.293371 
0.734503 1.327 -0.349548 0.84392 0.0624784 -0.0679146 0.285483 
0.672602 1.30402 -0.362186 0.845917 0.0160831 -0.115684 0.277066 
0.609874 1.27988 -0.374938 0.847543 -0.0304881 -0.163625 0.268141 
0.546375 1.25458 -0.387782 0.848796 -0.0771859 -0.2117 0.258728 
0.482162 1.22815 -0.400698 0.849674 -0.123961 -0.259872 0.248849 
0.417292 1.2006 -0.413666 0.850176 -0.170764 -0.308102 0.238523 
0.351823 1.17195 -0.426662 0.8503 -0.217546 -0.356352 0.227774 
0.285815 1.14222 -0.439667 0.850047 -0.264255 -0.404583 0.216623 
0.219326 1.11143 -0.452657 0.849414 -0.310843 -0.452758 0.205094 
0.152417 1.07961 -0.46561 0.848404 -0.357259 -0.500838 0.193209 
0.0851479 1.04676 -0.478504 0.847015 -0.403453 -0.548784 0.180994 
0.0175807 1.01292 -0.491317 0.845249 -0.449376 -0.596558 0.168471 
-0.0502235 0.978115 -0.504026 0.843107 -0.494976 -0.644123 0.155665 
-0.118203 0.942365 -0.516607 0.840589 -0.540206 -0.691439 0.142602 
-0.186294 0.905698 -0.529039 0.837698 -0.585015 -0.73847 0.129306 
-0.254437 0.868141 -0.541297 0.834436 -0.629354 -0.785176 0.115803 
-0.322566 0.829722 -0.553358 0.830806 -0.673174 -0.831522 0.102119 
-0.390621 0.790471 -0.565201 0.826809 -0.716427 -0.877469 0.0882795 
-0.458537 0.750416 -0.576801 0.822449 -0.759064 -0.92298 0.0743108 
-0.526252 0.709589 -0.588136 0.81773 -0.801038 -0.968019 0.0602395 
-0.593703 0.668021 -0.599182 0.812656 -0.842302 -1.01255 0.0460919 
-0.660827 0.625744 -0.609917 0.80723 -0.882808 -1.05654 0.0318948 
-0.727562 0.58279 -0.620317 0.801457 -0.922512 -1.09994 0.0176749 
-0.793845 0.539194 -0.630361 0.795342 -0.961367 -1.14273 0.00345894 
-0.859613 0.49499 -0.640026 0.788889 -0.999329 -1.18488 -0.0107261 
-0.924806 0.450212 -0.649289 0.782105 -1.03635 -1.22634 -0.0248536 
-0.989361 0.404896 -0.658128 0.774996 -1.0724 -1.26708 -0.0388965 
-1.05322 0.359077 -0.666522 0.767566 -1.10742 -1.30707 -0.0528281 
-1.11631 0.312793 -0.674449 0.759823 -1.14138 -1.34628 -0.0666218 
-1.17859 0.266081 -0.681888 0.751773 -1.17423 -1.38467 -0.080251 
-1.23999 0.218978 -0.688817 0.743424 -1.20594 -1.42222 -0.0936893 
-1.30045 0.171521 -0.695217 0.734782 -1.23647 -1.4589 -0.10691 
-1.35992 0.123751 -0.701067 0.725855 -1.26577 -1.49467 -0.119888 
-1.41834 0.0757046 -0.706347 0.716651 -1.29382 -1.5295 -0.132597 
-1.47564 0.0274218 -0.711037 0.707178 -1.32058 -1.56338 -0.145011 
-1.53178 -0.0210581 -0.71512 0.697444 -1.34601 -1.59626 -0.157105 
-1.5867 -0.0696953 -0.718576 0.687459 -1.37008 -1.62813 -0.168855 
-1.64035 -0.11845 -0.721388 0.67723 -1.39276 -1.65895 -0.180235 
-1.69268 -0.167282 -0.723538 0.666766 -1.41402 -1.68871 -0.191221 
-1.74362 -0.216151 -0.725009 0.656079 -1.43383 -1.71738 -0.201789 
-1.79314 -0.265016 -0.725785 0.645175 -1.45216 -1.74494 -0.211916 
-1.84119 -0.313837 -0.72585 0.634067 -1.46899 -1.77135 -0.221579 
-1.88771 -0.362573 -0.725189 0.622762 -1.48428 -1.79662 -0.230756 
-1.93266 -0.411184 -0.723787 0.611272 -1.49802 -1.8207 -0.239424 
-1.97599 -0.459629 -0.721631 0.599607 -1.51019 -1.84359 -0.247561 
-2.01766 -0.507868 -0.718707 0.587778 -1.52075 -1.86526 -0.255148 
-2.05763 -0.55586 -0.715003 0.575794 -1.5297 -1.8857 -0.262163 
-2.09585 -0.603565 -0.710508 0.563668 -1.53702 -1.90489 -0.268587 
-2.13229 -0.650942 -0.705209 0.551409 -1.54269 -1.92281 -0.2744 
-2.16691 -0.697952 -0.699097 0.539029 -1.54669 -1.93946 -0.279584 
-2.19967 -0.744556 -0.692162 0.526539 -1.54901 -1.95482 -0.284121 
-2.23054 -0.790712 -0.684395 0.513951 -1.54965 -1.96888 -0.287994 
-2.25948 -0.836384 -0.675789 0.501275 -1.54858 -1.98162 -0.291187 
-2.28646 -0.881531 -0.666335 0.488524 -1.54581 -1.99303 -0.293683 
-2.31146 -0.926115 -0.656028 0.475709 -1.54132 -2.00312 -0.295467 
-2.33443 -0.970099 -0.644862 0.462841 -1.53511 -2.01186 -0.296526 
-2.35537 -1.01344 -0.632832 0.449933 -1.52718 -2.01926 -0.296846 
-2.37423 -1.05612 -0.619935 0.436996 -1.51752 -2.0253 -0.296414 
-2.391 -1.09807 -0.606167 0.424041 -1.50614 -2.02999 -0.295217 
-2.40567 -1.13929 -0.591526 0.411082 -1.49304 -2.03332 -0.293246 
-2.4182 -1.17971 -0.57601 0.398128 -1.47822 -2.03528 -0.29049 
-2.42858 -1.21933 -0.55962 0.385194 -1.46168 -2.03589 -0.286939 
-2.4368 -1.25809 -0.542357 0.372289 -1.44343 -2.03513 -0.282585 
-2.44284 -1.29596 -0.52422 0.359426 -1.42349 -2.03301 -0.277419 
-2.44669 -1.33292 -0.505213 0.346617 -1.40185 -2.02954 -0.271437 
-2.44834 -1.36892 -0.485338 0.333873 -1.37854 -2.0247 -0.26463 
-2.44779 -1.40395 -0.4646 0.321206 -1.35356 -2.01852 -0.256995 
-2.44502 -1.43797 -0.443004 0.308628 -1.32693 -2.011 -0.248528 
-2.44004 -1.47094 -0.420556 0.29615 -1.29867 -2.00214 -0.239224 
-2.43284 -1.50285 -0.397263 0.283784 -1.2688 -1.99195 -0.229083 
-2.42342 -1.53366 -0.373131 0.27154 -1.23733 -1.98045 -0.218102 
-2.41178 -1.56334 -0.348171 0.25943 -1.20428 -1.96763 -0.206281 
-2.39794 -1.59188 -0.322391 0.247465 -1.16969 -1.95352 -0.193621 
-2.38188 -1.61924 -0.295802 0.235656 -1.13357 -1.93812 -0.180123 
-2.36363 -1.64541 -0.268416 0.224013 -1.09595 -1.92145 -0.16579 
-2.34319 -1.67035 -0.240245 0.212548 -1.05685 -1.90353 -0.150625 
-2.32058 -1.69405 -0.211301 0.20127 -1.01632 -1.88436 -0.134632 
-2.2958 -1.71648 -0.181599 0.190191 -0.974371 -1.86398 -0.117816 
-2.26888 -1.73764 -0.151154 0.179319 -0.931043 -1.84238 -0.100184 
-2.23983 -1.75748 -0.119982 0.168666 -0.886368 -1.8196 -0.0817429 
-2.20866 -1.77601 -0.0880988 0.158239 -0.840382 -1.79565 -0.0625005 
-2.17542 -1.79321 -0.0555227 0.14805 -0.793121 -1.77056 -0.0424658 
-2.14011 -1.80905 -0.0222719 0.138107 -0.744622 -1.74434 -0.0216488 
-2.10276 -1.82352 0.0116345 0.128419 -0.694925 -1.71702 -6.01379e-05 
-2.0634 -1.83662 0.0461764 0.118995 -0.644069 -1.68862 0.0222884 
-2.02205 -1.84833 0.0813331 0.109843 -0.592096 -1.65916 0.0453844 
-1.97876 -1.85863 0.117083 0.100972 -0.539048 -1.62868 0.0692142 
-1.93355 -1.86753 0.153404 0.0923891 -0.484971 -1.59719 0.0937635 
-1.88645 -1.875 0.190272 0.0841022 -0.429908 -1.56473 0.119017 
-1.83751 -1.88105 0.227665 0.0761188 -0.373906 -1.53132 0.144959 
-1.78676 -1.88567 0.265556 0.0684459 -0.317011 -1.49699 0.171573 
-1.73423 -1.88886 0.303922 0.0610901 -0.259273 -1.46176 0.19884 
-1.67998 -1.8906 0.342736 0.0540581 -0.200739 -1.42568 0.226742 
-1.62404 -1.8909 0.381971 0.0473558 -0.14146 -1.38877 0.25526 
-1.56646 -1.88977 0.4216 0.0409891 -0.0814876 -1.35105 0.284374 
-1.50728 -1.88719 0.461596 0.0349635 -0.0208725 -1.31257 0.314063 
-1.44655 -1.88317 0.50193 0.029284 0.0403324 -1.27336 0.344305 
-1.38432 -1.87771 0.542572 0.0239556 0.102074 -1.23344 0.375079 
-1.32064 -1.87083 0.583494 0.0189825 0.164298 -1.19286 0.40636 
-1.25556 -1.86251 0.624665 0.014369 0.226951 -1.15164 0.438126 
-1.18913 -1.85278 0.666055 0.0101187 0.289976 -1.10982 0.470351 
-1.12141 -1.84163 0.707632 0.00623513 0.353319 -1.06744 0.503012 
-1.05245 -1.82908 0.749365 0.00272117 0.416923 -1.02453 0.536082 
-0.982315 -1.81514 0.791222 -0.000420471 0.480731 -0.981132 0.569535 
-0.911054 -1.79982 0.83317 -0.00318752 0.544686 -0.937274 0.603345 
-0.838728 -1.78313 0.875178 -0.00557807 0.608732 -0.892997 0.637484 
-0.765397 -1.76509 0.917211 -0.00759057 0.67281 -0.848337 0.671924 
-0.691122 -1.7457 0.959237 -0.00922388 0.736862 -0.803332 0.706637 
-0.615963 -1.725 1.00122 -0.0104772 0.800831 -0.758018 0.741594 
-0.539983 -1.70299 1.04313 -0.0113502 0.864657 -0.712435 0.776766 
-0.463246 -1.67969 1.08493 -0.0118427 0.928284 -0.666619 0.812123 
-0.385814 -1.65513 1.12659 -0.0119552 0.991652 -0.620608 0.847636 
-0.307754 -1.62932 1.16807 -0.0116884 1.0547 -0.574441 0.883273 
-0.22913 -1.60229 1.20933 -0.0110435 1.11738 -0.528156 0.919004 
-0.150007 -1.57405 1.25035 -0.0100218 1.17962 -0.48179 0.954798 
-0.0704533 -1.54464 1.29109 -0.0086253 1.24138 -0.435383 0.990624 
0.00946578 -1.51408 1.33151 -0.00685627 1.30258 -0.388972 1.02645 
0.0896826 -1.4824 1.37158 -0.00471731 1.36318 -0.342594 1.06224 
0.17013 -1.44961 1.41126 -0.00221143 1.42312 -0.29629 1.09797 
0.250739 -1.41575 1.45052 0.000658001 1.48234 -0.250095 1.13361 
0.331443 -1.38086 1.48932 0.00388724 1.54078 -0.204048 1.16911 
0.412172 -1.34495 1.52764 0.00747218 1.59839 -0.158187 1.20446 
0.492859 -1.30806 1.56543 0.0114084 1.65512 -0.112548 1.23961 
0.573436 -1.27022 1.60266 0.0156909 1.7109 -0.0671685 1.27454 
0.653833 -1.23146 1.63929 0.0203148 1.7657 -0.0220858 1.30921 
0.733983 -1.19182 1.6753 0.0252743 1.81944 0.0226641 1.34359 
0.813817 -1.15133 1.71065 0.0305636 1.87209 0.067045 1.37764 
0.893268 -1.11002 1.7453 0.0361766 1.92358 0.111021 1.41135 
0.972267 -1.06794 1.77923 0.0421067 1.97388 0.154558 1.44466 
1.05075 -1.02511 1.8124 0.048347 2.02292 0.197619 1.47756 
1.12864 -0.981571 1.84478 0.0548904 2.07067 0.240171 1.51 
1.20588 -0.937364 1.87634 0.0617293 2.11706 0.282181 1.54196 
1.28241 -0.892525 1.90704 0.0688559 2.16207 0.323614 1.57341 
1.35814 -0.847092 1.93685 0.0762622 2.20563 0.364437 1.60431 
1.43303 -0.801105 1.96576 0.0839397 2.24771 0.40462 1.63464 
1.50701 -0.754602 1.99371 0.0918798 2.28826 0.444129 1.66436 
1.58001 -0.707624 2.0207 0.100073 2.32725 0.482935 1.69344 
1.65197 -0.66021 2.04668 0.108511 2.36462 0.521006 1.72186 
1.72282 -0.612402 2.07163 0.117184 2.40034 0.558313 1.74958 
1.79252 -0.564239 2.09553 0.126083 2.43438 0.594828 1.77657 
1.86098 -0.515764 2.11834 0.135196 2.46669 0.630522 1.80282 
1.92817 -0.467018 2.14004 0.144514 2.49725 0.665368 1.82828 
1.99402 -0.418042 2.16061 0.154027 2.52601 0.699338 1.85293 
2.05847 -0.368878 2.18002 0.163724 2.55294 0.732409 1.87675 
2.12146 -0.319569 2.19825 0.173593 2.57802 0.764553 1.89971 
2.18295 -0.270156 2.21528 0.183625 2.6012 0.795748 1.92178 
2.24287 -0.220681 2.23108 0.193808 2.62248 0.82597 1.94294 
2.30118 -0.171187 2.24563 0.20413 2.64181 0.855196 1.96316 
2.35783 -0.121716 2.25891 0.21458 2.65918 0.883406 1.98243 
2.41276 -0.0723096 2.27091 0.225146 2.67456 0.910578 2.00071 
2.46593 -0.0230103 2.2816 0.235817 2.68794 0.936693 2.01798 
2.51728 0.0261399 2.29098 0.24658 2.69928 0.961732 2.03423 
2.56679 0.0750995 2.29901 0.257423 2.70857 0.985678 2.04943 
2.6144 0.123827 2.30569 0.268335 2.7158 1.00851 2.06357 
2.66006 0.17228 2.311 0.279303 2.72096 1.03022 2.07662 
2.70375 0.220419 2.31493 0.290314 2.72402 1.05079 2.08856 
2.74542 0.268202 2.31747 0.301356 2.72498 1.07021 2.09939 
2.78503 0.31559 2.31861 0.312417 2.72383 1.08846 2.10907 
2.82255 0.362541 2.31832 0.323483 2.72056 1.10553 2.11761 
2.85795 0.409017 2.31662 0.334544 2.71517 1.12141 2.12497 
2.89119 0.454977 2.31348 0.345586 2.70765 1.13609 2.13115 
2.92225 0.500384 2.3089 0.356596 2.698 1.14956 2.13614 
2.95109 0.5452 2.30288 0.367562 2.68622 1.16182 2.13992 
2.97769 0.589385 2.29541 0.378471 2.67232 1.17286 2.14248 
3.00202 0.632904 2.28649 0.389311 2.65629 1.18267 2.14382 
3.02407 0.67572 2.27611 0.400069 2.63814 1.19125 2.14392 
3.04381 0.717798 2.26427 0.410733 2.61787 1.1986 2.14277 
3.06122 0.759101 2.25098 0.421291 2.59551 1.20471 2.14038 
3.07629 0.799595 2.23623 0.431729 2.57105 1.20958 2.13672 
3.089 0.839248 2.22002 0.442037 2.54451 1.21321 2.13181 
3.09934 0.878025 2.20237 0.452201 2.51591 1.21561 2.12562 
3.1073 0.915895 2.18327 0.46221 2.48525 1.21678 2.11817 
3.11287 0.952827 2.16272 0.472053 2.45257 1.21671 2.10945 
3.11604 0.988789 2.14075 0.481716 2.41787 1.21542 2.09946 
3.1168 1.02375 2.11734 0.491189 2.38119 1.21291 2.08819 
3.11517 1.05769 2.09252 0.50046 2.34253 1.20918 2.07566 
3.11113 1.09057 2.0663 0.509518 2.30193 1.20424 2.06186 
3.10468 1.12237 2.03867 0.518351 2.25942 1.19811 2.04679 
3.09584 1.15306 2.00966 0.52695 2.21502 1.19078 2.03046 
3.08459 1.18262 1.97928 0.535303 2.16876 1.18228 2.01289 
3.07096 1.21103 1.94755 0.543399 2.12067 1.17261 1.99406 
3.05495 1.23825 1.91448 0.551228 2.07079 1.16178 1.97399 
3.03658 1.26427 1.88008 0.558781 2.01915 1.14981 1.9527 
3.01585 1.28908 1.84438 0.566047 1.96578 1.13671 1.93018 
2.99278 1.31264 1.80739 0.573017 1.91073 1.12249 1.90645 
2.96738 1.33494 1.76914 0.579682 1.85404 1.10719 1.88152 
2.93969 1.35597 1.72964 0.586033 1.79573 1.0908 1.85541 
2.90971 1.3757 1.68892 0.59206 1.73586 1.07335 1.82812 
2.87747 1.39412 1.64699 0.597755 1.67447 1.05485 1.79968 
2.843 1.41122 1.6039 0.603111 1.61161 1.03533 1.77009 
2.80632 1.42699 1.55965 0.608119 1.54731 1.01481 1.73938 
2.76746 1.44141 1.51427 0.612772 1.48162 0.99331 1.70757 
2.72646 1.45448 1.4678 0.617062 1.4146 0.970848 1.67466 
2.68333 1.46618 1.42026 0.620982 1.34629 0.947448 1.64068 
2.63812 1.47651 1.37168 0.624527 1.27675 0.923135 1.60566 
2.59086 1.48546 1.32209 0.627689 1.20602 0.897932 1.5696 
2.5416 1.49302 1.27152 0.630463 1.13416 0.871865 1.53254 
2.49035 1.49919 1.22 0.632843 1.06122 0.84496 1.4945 
2.43718 1.50397 1.16756 0.634825 0.987258 0.817241 1.4555 
2.38212 1.50735 1.11424 0.636402 0.912325 0.788738 1.41557 
2.32521 1.50934 1.06007 0.637571 0.836479 0.759476 1.37472 
2.26649 1.50994 1.00508 0.638327 0.759778 0.729484 1.333 
2.20603 1.50914 0.949316 0.638668 0.682279 0.698791 1.29042 
2.14385 1.50695 0.892804 0.638588 0.60404 0.667426 1.24701 
2.08002 1.50338 0.835585 0.638086 0.525121 0.635417 1.2028 
2.01457 1.49843 0.777694 0.637159 0.445582 0.602797 1.15782 
1.94757 1.4921 0.719171 0.635805 0.365482 0.569594 1.1121 
1.87907 1.48441 0.660053 0.634021 0.284882 0.535839 1.06567 
1.80912 1.47537 0.600379 0.631807 0.203843 0.501565 1.01856 
1.73777 1.46498 0.540188 0.629161 0.122428 0.466803 0.970807 
1.66509 1.45325 0.479521 0.626082 0.0406965 0.431584 0.922435 
1.59112 1.4402 0.418417 0.622571 -0.0412877 0.395941 0.873481 
1.51594 1.42584 0.356917 0.618628 -0.123463 0.359906 0.823976 
1.43959 1.41019 0.295062 0.614252 -0.205766 0.323513 0.773956 
1.36213 1.39327 0.232893 0.609445 -0.288136 0.286793 0.723454 
1.28364 1.37508 0.170453 0.604209 -0.370508 0.249781 0.672505 
1.20417 1.35565 0.107782 0.598545 -0.452822 0.212509 0.621142 
1.12378 1.33499 0.0449241 0.592455 -0.535013 0.175011 0.569403 
1.04253 1.31314 -0.0180799 0.585941 -0.617019 0.13732 0.517321 
0.9605 1.2901 -0.0811869 0.579007 -0.698779 0.0994693 0.464933 
0.87774 1.2659 -0.144354 0.571656 -0.78023 0.0614931 0.412275 
0.794319 1.24056 -0.207539 0.563891 -0.86131 0.0234246 0.359383 
0.710302 1.21411 -0.2707 0.555716 -0.941958 -0.0147029 0.306294 
0.625755 1.18658 -0.333792 0.547136 -1.02211 -0.0528557 0.253045 
0.540743 1.15798 -0.396773 0.538156 -1.10171 -0.0910008 0.199672 
0.455334 1.12835 -0.459601 0.528781 -1.1807 -0.129105 0.146212 
0.369593 1.09771 -0.522232 0.519015 -1.25901 -0.167135 0.0927019 
0.283588 1.06609 -0.584625 0.508866 -1.33659 -0.205058 0.0391791 
0.197384 1.03353 -0.646737 0.498339 -1.41338 -0.242842 -0.0143193 
0.111049 1.00004 -0.708525 0.487441 -1.48932 -0.280454 -0.0677566 
0.0246485 0.965669 -0.769947 0.476179 -1.56435 -0.317862 -0.121096 
-0.0617498 0.930439 -0.830962 0.464559 -1.63842 -0.355034 -0.1743 
-0.14808 0.894384 -0.891529 0.45259 -1.71148 -0.391939 -0.227332 
-0.234275 0.857537 -0.951606 0.440279 -1.78346 -0.428546 -0.280155 
-0.32027 0.819933 -1.01115 0.427635 -1.85431 -0.464824 -0.332734 
-0.405998 0.781604 -1.07013 0.414666 -1.92399 -0.500742 -0.385032 
-0.491395 0.742586 -1.12849 0.40138 -1.99244 -0.53627 -0.437012 
-0.576395 0.702913 -1.1862 0.387788 -2.0596 -0.57138 -0.48864 
-0.660934 0.662622 -1.24323 0.373897 -2.12544 -0.606042 -0.53988 
-0.744948 0.621748 -1.29952 0.359719 -2.1899 -0.640228 -0.590696 
-0.828373 0.580329 -1.35505 0.345262 -2.25293 -0.673909 -0.641054 
-0.911147 0.5384 -1.40977 0.330537 -2.31449 -0.707058 -0.69092 
-0.993208 0.496 -1.46366 0.315554 -2.37454 -0.739649 -0.74026 
-1.0745 0.453166 -1.51666 0.300324 -2.43303 -0.771655 -0.78904 
-1.15495 0.409936 -1.56876 0.284858 -2.48992 -0.803051 -0.837227 
-1.2345 0.366348 -1.61991 0.269167 -2.54516 -0.833811 -0.884789 
-1.31311 0.32244 -1.67008 0.253261 -2.59873 -0.863912 -0.931694 
-1.3907 0.278251 -1.71923 0.237153 -2.65057 -0.893328 -0.977911 
-1.46722 0.233821 -1.76734 0.220854 -2.70066 -0.922039 -1.02341 
-1.54263 0.189186 -1.81436 0.204376 -2.74897 -0.950021 -1.06816 
-1.61685 0.144388 -1.86028 0.187731 -2.79545 -0.977252 -1.11213 
-1.68984 0.0994638 -1.90506 0.17093 -2.84007 -1.00371 -1.15529 
-1.76154 0.0544533 -1.94867 0.153987 -2.88281 -1.02938 -1.19761 
-1.83191 0.00939532 -1.99109 0.136914 -2.92364 -1.05424 -1.23907 
-1.9009 -0.0356713 -2.03228 0.119722 -2.96253 -1.07827 -1.27965 
-1.96845 -0.0807078 -2.07222 0.102426 -2.99945 -1.10145 -1.3193 
-2.03452 -0.125675 -2.11088 0.0850364 -3.03439 -1.12377 -1.35802 
-2.09906 -0.170536 -2.14825 0.0675672 -3.06731 -1.14522 -1.39576 
-2.16202 -0.21525 -2.18429 0.050031 -3.09821 -1.16576 -1.43252 
-2.22338 -0.259781 -2.21898 0.0324406 -3.12705 -1.1854 -1.46827 
-2.28307 -0.304091 -2.25231 0.0148091 -3.15383 -1.20411 -1.50298 
-2.34107 -0.348141 -2.28425 -0.0028506 -3.17853 -1.22189 -1.53664 
-2.39733 -0.391895 -2.31479 -0.0205255 -3.20113 -1.23873 -1.56922 
-2.45182 -0.435317 -2.3439 -0.0382027 -3.22163 -1.2546 -1.6007 
-2.50451 -0.478369 -2.37157 -0.055869 -3.24002 -1.26951 -1.63107 
-2.55535 -0.521016 -2.39779 -0.0735116 -3.25627 -1.28344 -1.66032 
-2.60431 -0.563222 -2.42253 -0.0911175 -3.2704 -1.29639 -1.68841 
-2.65137 -0.604952 -2.44579 -0.108674 -3.2824 -1.30834 -1.71534 
-2.6965 -0.646173 -2.46755 -0.126168 -3.29226 -1.3193 -1.7411 
-2.73967 -0.686849 -2.4878 -0.143586 -3.29998 -1.32925 -1.76566 
-2.78084 -0.726947 -2.50653 -0.160916 -3.30556 -1.33819 -1.78902 
-2.82001 -0.766436 -2.52374 -0.178146 -3.30901 -1.34612 -1.81117 
-2.85715 -0.805282 -2.53941 -0.195263 -3.31032 -1.35304 -1.83209 
-2.89224 -0.843455 -2.55354 -0.212254 -3.30952 -1.35893 -1.85177 
-2.92525 -0.880924 -2.56613 -0.229107 -3.3066 -1.36381 -1.87021 
-2.95618 -0.917658 -2.57716 -0.24581 -3.30157 -1.36767 -1.8874 
-2.98501 -0.953629 -2.58664 -0.26235 -3.29444 -1.37052 -1.90333 
-3.01172 -0.988808 -2.59456 -0.278717 -3.28523 -1.37234 -1.918 
-3.0363 -1.02317 -2.60093 -0.294898 -3.27396 -1.37316 -1.9314 
-3.05875 -1.05668 -2.60574 -0.310882 -3.26063 -1.37296 -1.94352 
-3.07906 -1.08932 -2.609 -0.326657 -3.24527 -1.37176 -1.95438 
-3.09721 -1.12106 -2.61071 -0.342212 -3.22789 -1.36956 -1.96396 
-3.11322 -1.15188 -2.61088 -0.357537 -3.20852 -1.36637 -1.97226 
-3.12707 -1.18176 -2.6095 -0.37262 -3.18718 -1.36218 -1.97929 
-3.13876 -1.21067 -2.60659 -0.387451 -3.1639 -1.35702 -1.98504 
-3.1483 -1.23859 -2.60216 -0.40202 -3.13869 -1.35089 -1.98952 
-3.15569 -1.2655 -2.5962 -0.416317 -3.11159 -1.34379 -1.99274 
-3.16093 -1.29137 -2.58874 -0.430332 -3.08263 -1.33574 -1.99469 
-3.16403 -1.31621 -2.57979 -0.444055 -3.05183 -1.32675 -1.99539 
-3.16501 -1.33997 -2.56935 -0.457477 -3.01923 -1.31683 -1.99484 
-3.16386 -1.36266 -2.55744 -0.47059 -2.98486 -1.306 -1.99304 
-3.1606 -1.38424 -2.54408 -0.483384 -2.94875 -1.29426 -1.99001 
-3.15525 -1.40472 -2.52927 -0.495852 -2.91095 -1.28163 -1.98576 
-3.14783 -1.42407 -2.51305 -0.507985 -2.87148 -1.26812 -1.9803 
-3.13833 -1.44228 -2.49541 -0.519775 -2.83039 -1.25376 -1.97363 
-3.1268 -1.45934 -2.47639 -0.531215 -2.78771 -1.23855 -1.96577 
-3.11324 -1.47524 -2.45601 -0.542298 -2.74349 -1.22251 -1.95674 
-3.09768 -1.48998 -2.43428 -0.553017 -2.69777 -1.20566 -1.94655 
-3.08015 -1.50353 -2.41122 -0.563366 -2.65058 -1.18802 -1.93521 
-3.06066 -1.51591 -2.38686 -0.573338 -2.60198 -1.1696 -1.92274 
-3.03924 -1.52709 -2.36122 -0.582928 -2.55201 -1.15043 -1.90915 
-3.01592 -1.53708 -2.33433 -0.592129 -2.50071 -1.13052 -1.89447 
-2.99074 -1.54587 -2.30622 -0.600938 -2.44813 -1.1099 -1.87871 
-2.96372 -1.55345 -2.2769 -0.60935 -2.39433 -1.08858 -1.8619 
-2.93489 -1.55984 -2.2464 -0.617359 -2.33933 -1.06659 -1.84404 
-2.90429 -1.56502 -2.21476 -0.624962 -2.28321 -1.04394 -1.82517 
-2.87196 -1.569 -2.182 -0.632156 -2.226 -1.02067 -1.80531 
-2.83792 -1.57177 -2.14815 -0.638937 -2.16775 -0.996781 -1.78446 
-2.80222 -1.57335 -2.11324 -0.645302 -2.10853 -0.97231 -1.76267 
-2.76489 -1.57373 -2.07731 -0.651249 -2.04837 -0.947277 -1.73996 
-2.72598 -1.57293 -2.04038 -0.656775 -1.98733 -0.921705 -1.71633 
-2.68552 -1.57094 -2.00248 -0.661879 -1.92547 -0.895617 -1.69184 
-2.64357 -1.56777 -1.96366 -0.666559 -1.86284 -0.869039 -1.66648 
-2.60015 -1.56343 -1.92393 -0.670814 -1.79948 -0.841994 -1.64031 
-2.55532 -1.55793 -1.88335 -0.674644 -1.73546 -0.814508 -1.61333 
-2.50911 -1.55129 -1.84193 -0.678049 -1.67083 -0.786604 -1.58558 
-2.46158 -1.5435 -1.79972 -0.681028 -1.60564 -0.758309 -1.55708 
-2.41278 -1.53458 -1.75675 -0.683582 -1.53995 -0.729647 -1.52787 
-2.36274 -1.52455 -1.71306 -0.685711 -1.47381 -0.700644 -1.49797 
-2.31152 -1.51342 -1.66868 -0.687418 -1.40728 -0.671326 -1.4674 
-2.25917 -1.50121 -1.62366 -0.688703 -1.34041 -0.641718 -1.43621 
-2.20573 -1.48792 -1.57801 -0.689569 -1.27326 -0.611846 -1.40442 
-2.15126 -1.47358 -1.5318 -0.690017 -1.20588 -0.581736 -1.37205 
-2.09581 -1.4582 -1.48504 -0.690051 -1.13833 -0.551413 -1.33915 
-2.03942 -1.44181 -1.43779 -0.689674 -1.07065 -0.520904 -1.30573 
-1.98216 -1.42442 -1.39007 -0.688888 -1.00292 -0.490235 -1.27183 
-1.92406 -1.40604 -1.34193 -0.687698 -0.935167 -0.459431 -1.23748 
-1.8652 -1.38671 -1.29341 -0.686108 -0.867461 -0.428518 -1.20272 
-1.80561 -1.36645 -1.24454 -0.684122 -0.799851 -0.397521 -1.16757 
-1.74535 -1.34527 -1.19535 -0.681744 -0.73239 -0.366467 -1.13206 
-1.68448 -1.3232 -1.1459 -0.678981 -0.665131 -0.335381 -1.09623 
-1.62304 -1.30026 -1.09622 -0.675836 -0.598124 -0.304287 -1.06011 
-1.5611 -1.27648 -1.04634 -0.672317 -0.531423 -0.273212 -1.02372 
-1.4987 -1.25188 -0.996311 -0.668429 -0.465077 -0.24218 -0.987108 
-1.4359 -1.22648 -0.946163 -0.664178 -0.399138 -0.211215 -0.950296 
-1.37275 -1.20032 -0.895936 -0.65957 -0.333653 -0.180342 -0.913317 
-1.30931 -1.17343 -0.845669 -0.654614 -0.268673 -0.149585 -0.876203 
-1.24563 -1.14582 -0.7954 -0.649315 -0.204245 -0.118969 -0.838985 
-1.18176 -1.11752 -0.745165 -0.643682 -0.140416 -0.0885155 -0.801694 
-1.11776 -1.08857 -0.695004 -0.637722 -0.0772338 -0.0582492 -0.764361 
-1.05368 -1.05899 -0.644951 -0.631442 -0.0147424 -0.0281926 -0.727017 
-0.989565 -1.02882 -0.595045 -0.624852 0.0470132 0.00163196 -0.689692 
-0.925477 -0.998075 -0.545321 -0.617959 0.107989 0.0312023 -0.652416 
-0.861465 -0.966793 -0.495815 -0.610773 0.168143 0.0604966 -0.615221 
-0.797579 -0.935002 -0.446564 -0.603302 0.227433 0.0894938 -0.578134 
-0.73387 -0.902735 -0.397601 -0.595554 0.285819 0.118173 -0.541186 
-0.670389 -0.87002 -0.348962 -0.58754 0.343262 0.146514 -0.504405 
-0.607185 -0.83689 -0.300681 -0.57927 0.399722 0.174496 -0.46782 
-0.544307 -0.803375 -0.252792 -0.570751 0.455163 0.202101 -0.43146 
-0.481803 -0.769508 -0.205327 -0.561995 0.509549 0.229309 -0.395352 
-0.419721 -0.73532 -0.158319 -0.553011 0.562846 0.256102 -0.359523 
-0.358108 -0.700842 -0.1118 -0.54381 0.615019 0.282463 -0.324 
-0.29701 -0.666106 -0.0658002 -0.534401 0.666037 0.308373 -0.28881 
-0.236471 -0.631145 -0.0203513 -0.524795 0.715868 0.333817 -0.253978 
-0.176536 -0.59599 0.0245172 -0.515002 0.764484 0.358777 -0.21953 
-0.117249 -0.560673 0.0687762 -0.505034 0.811855 0.383239 -0.18549 
-0.0586516 -0.525227 0.112397 -0.4949 0.857955 0.407188 -0.151883 
-0.000785631 -0.489681 0.155353 -0.484611 0.902759 0.430608 -0.118731 
0.0563086 -0.45407 0.197616 -0.474179 0.946241 0.453488 -0.0860587 
0.112592 -0.418423 0.23916 -0.463614 0.988381 0.475812 -0.0538869 
0.168025 -0.382772 0.279961 -0.452927 1.02915 0.497569 -0.0222377 
0.222572 -0.34715 0.319993 -0.442129 1.06854 0.518747 0.00886796 
0.276196 -0.311585 0.359234 -0.431231 1.10653 0.539334 0.03941 
0.328863 -0.276111 0.39766 -0.420243 1.1431 0.559321 0.0693689 
0.380538 -0.240756 0.435249 -0.409178 1.17823 0.578697 0.0987259 
0.43119 -0.20555 0.471981 -0.398046 1.21191 0.597453 0.127463 
0.480786 -0.170525 0.507836 -0.386857 1.24413 0.61558 0.155563 
0.529297 -0.135709 0.542794 -0.375623 1.27488 0.633071 0.183009 
0.576695 -0.101131 0.576837 -0.364354 1.30414 0.649918 0.209786 
0.622951 -0.0668199 0.609949 -0.353062 1.33191 0.666115 0.235878 
0.66804 -0.0328041 0.642113 -0.341757 1.35819 0.681655 0.261272 
0.711936 0.000888776 0.673313 -0.33045 1.38296 0.696534 0.285954 
0.754617 0.0342315 0.703535 -0.319152 1.40623 0.710747 0.309912 
0.796061 0.0671974 0.732767 -0.307872 1.42799 0.724291 0.333134 
0.836246 0.0997603 0.760995 -0.296621 1.44824 0.737161 0.355608 
0.875153 0.131894 0.788209 -0.285409 1.46698 0.749355 0.377326 
0.912764 0.163575 0.814397 -0.274248 1.48422 0.760873 0.398278 
0.949064 0.194777 0.839552 -0.263145 1.49995 0.771711 0.418455 
0.984036 0.225477 0.863664 -0.252112 1.51419 0.781871 0.43785 
1.01767 0.255652 0.886727 -0.241158 1.52694 0.791351 0.456456 
1.04995 0.28528 0.908734 -0.230292 1.5382 0.800153 0.474268 
1.08086 0.314338 0.929679 -0.219524 1.54799 0.808278 0.49128 
1.1104 0.342806 0.94956 -0.208862 1.55632 0.815729 0.507488 
1.13856 0.370663 0.968371 -0.198316 1.5632 0.822506 0.52289 
1.16533 0.397889 0.986113 -0.187895 1.56865 0.828615 0.537483 
1.19071 0.424466 1.00278 -0.177606 1.57267 0.834059 0.551265 
1.21469 0.450376 1.01838 -0.167458 1.57528 0.838843 0.564235 
1.23727 0.475601 1.03291 -0.157459 1.57651 0.84297 0.576393 
1.25845 0.500124 1.04636 -0.147617 1.57637 0.846448 0.587741 
1.27823 0.523931 1.05875 -0.13794 1.57487 0.849282 0.598281 
1.29661 0.547007 1.07008 -0.128433 1.57205 0.851479 0.608014 
1.31359 0.569336 1.08035 -0.119105 1.56792 0.853046 0.616944 
1.32919 0.590906 1.08957 -0.109963 1.5625 0.853992 0.625076 
1.3434 0.611706 1.09774 -0.101012 1.55583 0.854324 0.632414 
1.35623 0.631722 1.10487 -0.0922582 1.54792 0.854051 0.638964 
1.3677 0.650945 1.11098 -0.0837084 1.53881 0.853183 0.644733 
1.3778 0.669365 1.11606 -0.0753676 1.52851 0.851729 0.649727 
1.38655 0.686973 1.12014 -0.0672413 1.51707 0.849701 0.653956 
1.39397 0.703762 1.12321 -0.0593342 1.5045 0.847108 0.657427 
1.40007 0.719723 1.1253 -0.051651 1.49083 0.843961 0.660151 
1.40485 0.734851 1.12642 -0.0441961 1.47611 0.840273 0.662137 
1.40835 0.749141 1.12657 -0.0369734 1.46036 0.836055 0.663396 
1.41057 0.762589 1.12578 -0.0299866 1.44361 0.83132 0.66394 
1.41153 0.77519 1.12406 -0.023239 1.4259 0.826079 0.663781 
1.41125 0.786942 1.12143 -0.0167337 1.40726 0.820347 0.662932 
1.40976 0.797844 1.1179 -0.0104732 1.38773 0.814137 0.661407 
1.40707 0.807894 1.11349 -0.00446001 1.36734 0.807462 0.659219 
1.4032 0.817093 1.10821 0.00130395 1.34613 0.800336 0.656383 
1.39818 0.825442 1.1021 0.00681699 1.32413 0.792774 0.652914 
1.39204 0.832942 1.09516 0.0120778 1.30139 0.784789 0.648829 
1.38479 0.839596 1.08742 0.0170854 1.27793 0.776398 0.644143 
1.37647 0.845408 1.0789 0.0218391 1.2538 0.767614 0.638873 
1.3671 0.850382 1.06961 0.0263386 1.22904 0.758453 0.633037 
1.35671 0.854524 1.05959 0.030584 1.20369 0.748931 0.626652 
1.34533 0.857839 1.04886 0.0345757 1.17777 0.739061 0.619737 
1.33298 0.860334 1.03743 0.0383143 1.15135 0.728862 0.61231 
1.3197 0.862017 1.02533 0.0418009 1.12444 0.718347 0.604389 
1.30552 0.862896 1.01258 0.0450368 1.0971 0.707533 0.595996 
1.29047 0.862982 0.999218 0.0480239 1.06936 0.696436 0.587148 
1.27457 0.862283 0.985256 0.0507642 1.04126 0.685072 0.577867 
1.25787 0.86081 0.970724 0.05326 1.01284 0.673456 0.568172 
1.24039 0.858576 0.955647 0.055514 0.984152 0.661606 0.558085 
1.22218 0.855592 0.94005 0.0575292 0.955221 0.649536 0.547625 
1.20325 0.851872 0.923959 0.0593091 0.926092 0.637264 0.536815 
1.18365 0.847428 0.907402 0.0608572 0.896805 0.624805 0.525675 
1.16342 0.842276 0.890404 0.0621775 0.867399 0.612174 0.514227 
1.14258 0.836431 0.872993 0.0632742 0.837913 0.599389 0.502493 
1.12117 0.829907 0.855196 0.064152 0.808386 0.586464 0.490494 
1.09922 0.822721 0.837039 0.0648156 0.778857 0.573416 0.478252 
1.07678 0.814891 0.818551 0.0652703 0.749364 0.56026 0.465789 
1.05388 0.806433 0.799758 0.0655213 0.719945 0.547012 0.453128 
1.03055 0.797365 0.780688 0.0655745 0.690638 0.533686 0.440289 
1.00682 0.787706 0.761368 0.0654357 0.661479 0.520299 0.427296 
0.982748 0.777475 0.741825 0.0651112 0.632506 0.506864 0.414169 
0.958352 0.766691 0.722088 0.0646075 0.603753 0.493398 0.400931 
0.933672 0.755374 0.702184 0.0639312 0.575257 0.479913 0.387605 
0.908745 0.743544 0.68214 0.0630893 0.547051 0.466425 0.37421 
0.883605 0.731223 0.661982 0.0620889 0.519171 0.452947 0.36077 
0.858289 0.718431 0.641739 0.0609376 0.49165 0.439493 0.347306 
0.832831 0.70519 0.621436 0.0596428 0.46452 0.426077 0.333838 
0.807266 0.691521 0.601101 0.0582123 0.437813 0.412712 0.320389 
0.781629 0.677448 0.58076 0.0566543 0.41156 0.399411 0.306978 
0.755954 0.662991 0.56044 0.0549767 0.385792 0.386186 0.293627 
0.730276 0.648174 0.540165 0.0531881 0.360538 0.373049 0.280356 
0.704626 0.63302 0.519962 0.0512969 0.335827 0.360013 0.267185 
0.67904 0.617552 0.499856 0.0493118 0.311687 0.347089 0.254134 
0.653549 0.601793 0.479872 0.0472416 0.288143 0.334287 0.241222 
0.628185 0.585766 0.460034 0.0450952 0.265222 0.321619 0.228469 
0.602981 0.569496 0.440366 0.0428817 0.242949 0.309095 0.215893 
0.577966 0.553004 0.420893 0.0406103 0.221347 0.296726 0.203512 
0.553172 0.536317 0.401637 0.0382903 0.200439 0.284519 0.191344 
0.528629 0.519456 0.382622 0.035931 0.180247 0.272485 0.179407 
0.504364 0.502446 0.363868 0.0335419 0.160791 0.260633 0.167718 
0.480408 0.485311 0.345399 0.0311325 0.142091 0.24897 0.156294 
0.456786 0.468074 0.327235 0.0287124 0.124166 0.237504 0.14515 
0.433528 0.450759 0.309397 0.0262912 0.107031 0.226243 0.134302 
0.410657 0.433389 0.291905 0.0238785 0.0907046 0.215194 0.123765 
0.388201 0.415988 0.274778 0.0214841 0.0752003 0.204363 0.113553 
0.366183 0.398579 0.258035 0.0191175 0.0605323 0.193756 0.103681 
0.344627 0.381186 0.241694 0.0167886 0.0467131 0.183378 0.0941621 
0.323556 0.36383 0.225774 0.0145068 0.0337541 0.173235 0.0850088 
0.302991 0.346536 0.21029 0.012282 0.0216654 0.163331 0.0762334 
0.282954 0.329324 0.195259 0.0101237 0.0104559 0.153671 0.0678475 
0.263465 0.312218 0.180696 0.0080415 0.000133496 0.144257 0.0598621 
0.244543 0.29524 0.166616 0.00604487 -0.00929541 0.135094 0.0522876 
0.226206 0.27841 0.153033 0.00414325 -0.0178255 0.126183 0.0451336 
0.208471 0.26175 0.13996 0.00234601 -0.0254528 0.117528 0.0384093 
0.191354 0.245282 0.12741 0.000662401 -0.0321744 0.109128 0.0321229 
0.17487 0.229024 0.115394 -0.000898412 -0.0379888 0.100987 0.0262824 
0.159033 0.212998 0.103924 -0.00232739 -0.0428956 0.0931045 0.0208946 
0.143857 0.197223 0.0930095 -0.00361561 -0.0468957 0.0854808 0.015966 
0.129353 0.181719 0.0826598 -0.00475431 -0.0499911 0.0781158 0.0115024 
0.115532 0.166503 0.0728836 -0.00573484 -0.0521853 0.0710089 0.00750858 
0.102404 0.151594 0.0636888 -0.00654875 -0.0534827 0.064159 0.003989 
0.0899784 0.13701 0.0550822 -0.00718771 -0.053889 0.0575645 0.000947208 
0.0782618 0.122767 0.04707 -0.00764363 -0.0534112 0.0512235 -0.00161388 
0.0672614 0.108884 0.0396575 -0.00790855 -0.0520574 0.0451334 -0.00369207 
0.0569825 0.0953744 0.0328492 -0.00797476 -0.0498368 0.0392915 -0.00528587 
0.0474297 0.0822551 0.0266487 -0.00783472 -0.0467598 0.0336943 -0.0063945 
0.0386063 0.0695406 0.021059 -0.00748115 -0.042838 0.0283382 -0.00701788 
0.0305145 0.0572452 0.016082 -0.00690697 -0.038084 0.0232191 -0.00715662 
0.0231554 0.0453824 0.0117189 -0.00610534 -0.0325118 0.0183322 -0.00681205 
0.0165293 0.0339652 0.00797001 -0.00506968 -0.026136 0.0136728 -0.0059862 
0.0106352 0.0230058 0.00483495 -0.00379367 -0.0189728 0.00923548 -0.00468178 
0.00547088 0.012516 0.00231239 -0.00227124 -0.011039 0.00501452 -0.00290222 
0.0010334 0.00250659 0.000400241 -0.000496605 -0.00235262 0.00100386 -0.000651594 
