0 0 0 0 0 0 0 
-1.14051e-05 -3.07537e-05 -3.93924e-06 5.79737e-06 2.95763e-05 -1.21498e-05 8.52034e-06 
-5.52948e-05 -0.000150893 -1.73347e-05 3.35597e-05 0.000155402 -6.01921e-05 4.62732e-05 
-0.000125241 -0.000358423 -3.44392e-05 8.57443e-05 0.000386388 -0.00014328 0.00011831 
-0.000214171 -0.000648208 -4.92889e-05 0.000165055 0.00072934 -0.000259554 0.000229141 
-0.000315089 -0.00101503 -5.59771e-05 0.000274241 0.00119084 -0.000407231 0.000383205 
-0.000421088 -0.00145362 -4.86626e-05 0.000416091 0.00177724 -0.000584604 0.000584864 
-0.000525358 -0.00195862 -2.1577e-05 0.000593435 0.00249465 -0.000790052 0.000838395 
-0.000621197 -0.00252463 3.09677e-05 0.000809133 0.00334892 -0.00102204 0.00114799 
-0.00070202 -0.0031462 0.000114571 0.00106608 0.00434567 -0.0012791 0.00151773 
-0.000761367 -0.00381786 0.000234739 0.0013672 0.00549021 -0.00155989 0.00195161 
-0.000792914 -0.00453406 0.000396872 0.00171544 0.00678763 -0.00186312 0.00245351 
-0.000790482 -0.00528928 0.000606264 0.00211377 0.00824271 -0.00218763 0.00302719 
-0.000748043 -0.00607794 0.00086809 0.00256518 0.00985994 -0.00253233 0.00367631 
-0.000659732 -0.00689448 0.0011874 0.00307265 0.0116435 -0.00289623 0.00440438 
-0.000519852 -0.00773332 0.00156913 0.00363921 0.0135974 -0.00327846 0.0052148 
-0.000322886 -0.0085889 0.00201805 0.00426787 0.0157252 -0.00367822 0.00611082 
-6.34982e-05 -0.00945565 0.0025388 0.00496166 0.0180301 -0.00409484 0.00709556 
0.000263451 -0.010328 0.0031359 0.00572358 0.0205151 -0.00452774 0.00817199 
0.000662902 -0.0112006 0.00381366 0.00655667 0.023183 -0.00497644 0.00934293 
0.00113959 -0.0120677 0.00457628 0.00746392 0.0260361 -0.00544057 0.0106111 
0.00169803 -0.0129242 0.00542777 0.00844833 0.0290763 -0.00591986 0.0119789 
0.00234253 -0.0137644 0.00637197 0.00951288 0.0323054 -0.00641417 0.0134487 
0.00307717 -0.0145833 0.00741253 0.0106605 0.0357247 -0.00692345 0.0150228 
0.00390578 -0.0153754 0.00855296 0.0118942 0.0393353 -0.00744774 0.0167031 
0.00483197 -0.0161355 0.00979653 0.0132169 0.0431378 -0.00798721 0.0184914 
0.00585911 -0.0168587 0.0111464 0.0146313 0.0471325 -0.00854213 0.0203895 
0.00699031 -0.0175399 0.0126054 0.0161405 0.0513194 -0.00911287 0.0223988 
0.00822844 -0.0181741 0.0141763 0.0177471 0.0556983 -0.00969993 0.0245206 
0.00957611 -0.0187565 0.0158616 0.019454 0.0602684 -0.0103039 0.0267561 
0.0110357 -0.0192824 0.0176635 0.0212639 0.0650288 -0.0109254 0.0291061 
0.0126092 -0.0197472 0.0195843 0.0231794 0.0699779 -0.0115654 0.0315714 
0.0142985 -0.0201464 0.0216257 0.0252032 0.0751142 -0.0122246 0.0341525 
0.0161052 -0.0204756 0.0237895 0.0273378 0.0804356 -0.0129041 0.0368498 
0.0180306 -0.0207306 0.0260771 0.0295857 0.0859397 -0.013605 0.0396635 
0.0200755 -0.0209073 0.0284896 0.0319494 0.0916238 -0.0143284 0.0425935 
0.0222409 -0.0210018 0.0310282 0.0344312 0.0974847 -0.0150757 0.0456396 
0.0245271 -0.0210102 0.0336936 0.0370334 0.103519 -0.0158483 0.0488013 
0.0269343 -0.0209288 0.0364863 0.0397583 0.109724 -0.0166476 0.0520781 
0.0294624 -0.0207542 0.0394066 0.042608 0.116094 -0.0174753 0.0554691 
0.032111 -0.0204831 0.0424548 0.0455846 0.122625 -0.0183329 0.0589733 
0.0348796 -0.0201122 0.0456305 0.04869 0.129313 -0.0192221 0.0625894 
0.0377671 -0.0196386 0.0489336 0.0519262 0.136153 -0.020145 0.0663162 
0.0407724 -0.0190595 0.0523633 0.0552949 0.143139 -0.0211032 0.0701518 
0.0438939 -0.0183722 0.0559189 0.0587979 0.150266 -0.0220989 0.0740946 
0.04713 -0.0175742 0.0595993 0.0624367 0.157528 -0.023134 0.0781425 
0.0504785 -0.0166633 0.0634032 0.066213 0.164919 -0.0242107 0.0822934 
0.0539372 -0.0156375 0.0673292 0.0701281 0.172432 -0.0253312 0.0865448 
0.0575035 -0.0144948 0.0713755 0.0741832 0.18006 -0.0264977 0.0908941 
0.0611747 -0.0132335 0.0755401 0.0783797 0.187797 -0.0277125 0.0953387 
0.0649475 -0.0118523 0.0798209 0.0827187 0.195635 -0.028978 0.0998756 
0.0688186 -0.0103497 0.0842154 0.0872009 0.203567 -0.0302967 0.104502 
0.0727845 -0.00872478 0.0887211 0.0918275 0.211584 -0.0316709 0.109213 
0.0768413 -0.00697662 0.0933351 0.096599 0.219679 -0.0331033 0.114007 
0.0809848 -0.00510458 0.0980543 0.101516 0.227843 -0.0345963 0.11888 
0.0852109 -0.00310821 0.102875 0.106579 0.236069 -0.0361526 0.123828 
0.0895148 -0.00098728 0.107795 0.111789 0.244347 -0.0377747 0.128846 
0.0938917 0.00125823 0.11281 0.117146 0.252668 -0.0394653 0.133932 
0.0983368 0.00362813 0.117915 0.122649 0.261024 -0.0412271 0.139079 
0.102845 0.006122 0.123107 0.128299 0.269404 -0.0430628 0.144285 
0.10741 0.00873922 0.128382 0.134097 0.2778 -0.044975 0.149543 
0.112027 0.0114789 0.133735 0.14004 0.286202 -0.0469665 0.154851 
0.116689 0.0143401 0.139162 0.14613 0.294601 -0.04904 0.160201 
0.121392 0.0173215 0.144657 0.152365 0.302985 -0.0511982 0.165591 
0.126128 0.0204216 0.150216 0.158745 0.311346 -0.0534437 0.171014 
0.130892 0.0236386 0.155833 0.165269 0.319673 -0.0557794 0.176465 
0.135676 0.0269708 0.161504 0.171937 0.327955 -0.0582079 0.181939 
0.140473 0.030416 0.167222 0.178746 0.336183 -0.0607318 0.18743 
0.145278 0.0339718 0.172982 0.185697 0.344346 -0.0633538 0.192932 
0.150083 0.0376358 0.178778 0.192787 0.352434 -0.0660765 0.19844 
0.154881 0.0414051 0.184605 0.200015 0.360435 -0.0689025 0.203949 
0.159664 0.0452769 0.190456 0.207379 0.36834 -0.0718343 0.209451 
0.164426 0.0492481 0.196325 0.214878 0.376137 -0.0748743 0.214942 
0.169158 0.0533152 0.202206 0.22251 0.383816 -0.0780251 0.220415 
0.173854 0.0574749 0.208092 0.230272 0.391366 -0.081289 0.225863 
0.178505 0.0617233 0.213976 0.238163 0.398777 -0.0846683 0.231281 
0.183104 0.0660565 0.219853 0.24618 0.406037 -0.0881654 0.236663 
0.187642 0.0704706 0.225716 0.254321 0.413137 -0.0917823 0.242002 
0.192113 0.0749612 0.231556 0.262583 0.420065 -0.0955212 0.247292 
0.196508 0.0795239 0.237369 0.270964 0.426811 -0.0993842 0.252526 
0.200819 0.0841541 0.243146 0.27946 0.433364 -0.103373 0.257698 
0.205038 0.0888471 0.248881 0.288068 0.439714 -0.10749 0.262802 
0.209158 0.0935979 0.254567 0.296786 0.445851 -0.111737 0.267832 
0.213169 0.0984015 0.260196 0.30561 0.451765 -0.116115 0.272779 
0.217066 0.103253 0.265761 0.314537 0.457444 -0.120625 0.27764 
0.220838 0.108146 0.271255 0.323563 0.462879 -0.125271 0.282406 
0.224479 0.113076 0.276671 0.332685 0.468061 -0.130052 0.287071 
0.22798 0.118037 0.282002 0.341898 0.472979 -0.13497 0.29163 
0.231334 0.123023 0.287241 0.351199 0.477625 -0.140026 0.296076 
0.234533 0.128029 0.292379 0.360585 0.481987 -0.145221 0.300402 
0.237569 0.133048 0.297411 0.37005 0.486058 -0.150557 0.304602 
0.240435 0.138075 0.302328 0.37959 0.489828 -0.156033 0.308671 
0.243123 0.143103 0.307123 0.389202 0.493289 -0.161651 0.312601 
0.245625 0.148125 0.31179 0.398881 0.496431 -0.167411 0.316387 
0.247934 0.153136 0.316321 0.408621 0.499247 -0.173313 0.320023 
0.250043 0.158129 0.320709 0.418419 0.501728 -0.179358 0.323503 
0.251946 0.163098 0.324947 0.42827 0.503867 -0.185545 0.326821 
0.253634 0.168035 0.329029 0.438169 0.505655 -0.191875 0.329971 
0.255102 0.172935 0.332947 0.44811 0.507085 -0.198347 0.332949 
0.256342 0.177791 0.336694 0.45809 0.508151 -0.204961 0.335747 
0.257348 0.182595 0.340264 0.468102 0.508845 -0.211717 0.338362 
0.258115 0.187342 0.343651 0.478141 0.509161 -0.218613 0.340788 
0.258635 0.192023 0.346847 0.488202 0.509093 -0.225649 0.343019 
0.258903 0.196634 0.349846 0.49828 0.508634 -0.232824 0.34505 
0.258913 0.201165 0.352642 0.508369 0.50778 -0.240137 0.346878 
0.25866 0.205612 0.35523 0.518464 0.506524 -0.247585 0.348497 
0.258139 0.209967 0.357602 0.528559 0.504863 -0.255169 0.349902 
0.257345 0.214223 0.359754 0.538648 0.502791 -0.262886 0.35109 
0.256272 0.218374 0.361679 0.548726 0.500304 -0.270734 0.352056 
0.254917 0.222412 0.363371 0.558787 0.497399 -0.278712 0.352796 
0.253275 0.226331 0.364827 0.568825 0.494071 -0.286816 0.353307 
0.251342 0.230124 0.366039 0.578834 0.490318 -0.295045 0.353585 
0.249114 0.233785 0.367004 0.588808 0.486138 -0.303397 0.353626 
0.246589 0.237308 0.367716 0.598741 0.481527 -0.311868 0.353427 
0.243763 0.240684 0.368171 0.608628 0.476484 -0.320455 0.352985 
0.240632 0.243909 0.368364 0.618461 0.471007 -0.329156 0.352298 
0.237195 0.246976 0.368291 0.628236 0.465095 -0.337968 0.351363 
0.23345 0.249878 0.367948 0.637946 0.458747 -0.346887 0.350177 
0.229393 0.25261 0.367331 0.647585 0.451963 -0.355909 0.348738 
0.225024 0.255165 0.366437 0.657147 0.444742 -0.365031 0.347045 
0.220342 0.257538 0.365262 0.666626 0.437086 -0.374248 0.345096 
0.215345 0.259722 0.363802 0.676016 0.428995 -0.383558 0.342889 
0.210033 0.261712 0.362056 0.68531 0.42047 -0.392955 0.340423 
0.204405 0.263503 0.36002 0.694502 0.411513 -0.402436 0.337697 
0.198461 0.265089 0.357693 0.703587 0.402126 -0.411995 0.334711 
0.192203 0.266464 0.35507 0.712559 0.392312 -0.421628 0.331464 
0.185629 0.267624 0.352152 0.72141 0.382073 -0.43133 0.327955 
0.178742 0.268564 0.348935 0.730136 0.371413 -0.441097 0.324185 
0.171542 0.269279 0.34542 0.738731 0.360335 -0.450923 0.320154 
0.164032 0.269764 0.341603 0.747187 0.348844 -0.460802 0.315863 
0.156213 0.270015 0.337485 0.755501 0.336944 -0.47073 0.311312 
0.148088 0.270028 0.333065 0.763665 0.32464 -0.480701 0.306503 
0.139659 0.269799 0.328343 0.771673 0.311937 -0.490709 0.301436 
0.13093 0.269323 0.323318 0.779521 0.298842 -0.500748 0.296113 
0.121904 0.268598 0.31799 0.787202 0.28536 -0.510813 0.290537 
0.112584 0.267619 0.312361 0.794711 0.271497 -0.520897 0.284709 
0.102976 0.266384 0.30643 0.802042 0.257262 -0.530993 0.278631 
0.093082 0.26489 0.300198 0.809189 0.242661 -0.541097 0.272306 
0.0829083 0.263134 0.293668 0.816148 0.227701 -0.551201 0.265738 
0.0724596 0.261113 0.286839 0.822913 0.212392 -0.561298 0.258928 
0.0617414 0.258825 0.279716 0.829478 0.196741 -0.571383 0.251881 
0.0507594 0.256268 0.272298 0.835839 0.180757 -0.581448 0.2446 
0.0395197 0.25344 0.264589 0.84199 0.16445 -0.591486 0.237089 
0.0280287 0.250339 0.256591 0.847927 0.147828 -0.601492 0.229352 
0.0162931 0.246965 0.248308 0.853644 0.130902 -0.611457 0.221394 
0.00431992 0.243316 0.239742 0.859137 0.113682 -0.621374 0.213218 
-0.00788346 0.239391 0.230896 0.864402 0.0961782 -0.631237 0.204831 
-0.0203094 0.23519 0.221776 0.869433 0.0784019 -0.641039 0.196236 
-0.03295 0.230713 0.212383 0.874226 0.0603639 -0.650771 0.18744 
-0.045797 0.225958 0.202724 0.878777 0.0420758 -0.660427 0.178448 
-0.058842 0.220928 0.192802 0.883082 0.0235493 -0.67 0.169266 
-0.072076 0.215621 0.182622 0.887136 0.00479642 -0.679481 0.159899 
-0.0854901 0.210039 0.172189 0.890936 -0.0141706 -0.688864 0.150354 
-0.0990749 0.204182 0.161508 0.894479 -0.0333392 -0.698141 0.140637 
-0.112821 0.198053 0.150585 0.897759 -0.0526966 -0.707305 0.130756 
-0.126718 0.191652 0.139426 0.900775 -0.0722297 -0.716349 0.120717 
-0.140757 0.184981 0.128037 0.903522 -0.0919253 -0.725264 0.110526 
-0.154927 0.178043 0.116423 0.905997 -0.11177 -0.734043 0.100192 
-0.169217 0.170839 0.104592 0.908198 -0.13175 -0.742679 0.0897216 
-0.183617 0.163372 0.0925503 0.91012 -0.151851 -0.751165 0.0791224 
-0.198115 0.155645 0.0803046 0.911763 -0.17206 -0.759492 0.0684025 
-0.212702 0.147662 0.067862 0.913122 -0.192362 -0.767654 0.0575697 
-0.227365 0.139425 0.0552301 0.914196 -0.212743 -0.775644 0.0466322 
-0.242093 0.130938 0.0424164 0.914982 -0.233188 -0.783453 0.0355982 
-0.256874 0.122204 0.0294287 0.915479 -0.253683 -0.791074 0.0244763 
-0.271697 0.113229 0.0162748 0.915683 -0.274212 -0.798502 0.0132751 
-0.28655 0.104017 0.00296307 0.915594 -0.294762 -0.805727 0.00200321 
-0.30142 0.0945713 -0.0104983 0.91521 -0.315317 -0.812743 -0.00933043 
-0.316295 0.0848977 -0.0241007 0.914529 -0.335861 -0.819544 -0.0207169 
-0.331164 0.0750012 -0.0378355 0.91355 -0.356381 -0.826122 -0.032147 
-0.346014 0.0648871 -0.0516939 0.912272 -0.376861 -0.83247 -0.0436116 
-0.360832 0.0545611 -0.0656668 0.910694 -0.397285 -0.838582 -0.0551013 
-0.375606 0.0440288 -0.0797452 0.908815 -0.417638 -0.844451 -0.0666069 
-0.390323 0.0332964 -0.0939198 0.906635 -0.437906 -0.850071 -0.0781188 
-0.404971 0.0223701 -0.108181 0.904154 -0.458072 -0.855435 -0.0896275 
-0.419537 0.0112564 -0.12252 0.90137 -0.478123 -0.860537 -0.101123 
-0.434008 -3.80618e-05 -0.136926 0.898285 -0.498042 -0.86537 -0.112597 
-0.448372 -0.0115063 -0.15139 0.894898 -0.517815 -0.86993 -0.124038 
-0.462616 -0.0231413 -0.165902 0.891209 -0.537426 -0.874209 -0.135437 
-0.476727 -0.0349358 -0.180452 0.887219 -0.556861 -0.878202 -0.146785 
-0.490692 -0.0468822 -0.19503 0.882929 -0.576104 -0.881904 -0.158071 
-0.5045 -0.0589729 -0.209626 0.878339 -0.595142 -0.88531 -0.169285 
-0.518138 -0.0712002 -0.22423 0.87345 -0.613959 -0.888413 -0.180419 
-0.531592 -0.0835559 -0.238832 0.868264 -0.63254 -0.89121 -0.191462 
-0.544852 -0.0960319 -0.253421 0.862782 -0.650872 -0.893695 -0.202403 
-0.557903 -0.10862 -0.267987 0.857006 -0.66894 -0.895864 -0.213235 
-0.570735 -0.121312 -0.28252 0.850937 -0.686731 -0.897711 -0.223946 
-0.583335 -0.134098 -0.297009 0.844577 -0.704229 -0.899233 -0.234527 
-0.595691 -0.146971 -0.311445 0.837927 -0.721423 -0.900427 -0.244969 
-0.607791 -0.159921 -0.325816 0.830992 -0.738297 -0.901287 -0.255261 
-0.619624 -0.172939 -0.340113 0.823772 -0.75484 -0.90181 -0.265395 
-0.631179 -0.186017 -0.354325 0.81627 -0.771037 -0.901993 -0.275361 
-0.642443 -0.199145 -0.368441 0.808489 -0.786877 -0.901833 -0.285149 
-0.653406 -0.212313 -0.382452 0.800432 -0.802347 -0.901326 -0.294751 
-0.664057 -0.225513 -0.396348 0.792102 -0.817435 -0.900471 -0.304157 
-0.674385 -0.238735 -0.410117 0.783502 -0.832128 -0.899263 -0.313358 
-0.68438 -0.25197 -0.423751 0.774635 -0.846415 -0.897702 -0.322346 
-0.694031 -0.265207 -0.437239 0.765505 -0.860286 -0.895785 -0.331111 
-0.703329 -0.278437 -0.45057 0.756115 -0.873728 -0.89351 -0.339644 
-0.712263 -0.291652 -0.463736 0.74647 -0.886731 -0.890876 -0.347939 
-0.720825 -0.30484 -0.476727 0.736572 -0.899285 -0.887881 -0.355985 
-0.729005 -0.317992 -0.489532 0.726427 -0.91138 -0.884525 -0.363775 
-0.736794 -0.331099 -0.502142 0.716039 -0.923007 -0.880806 -0.371302 
-0.744184 -0.34415 -0.514549 0.705411 -0.934155 -0.876724 -0.378556 
-0.751166 -0.357137 -0.526741 0.694548 -0.944817 -0.87228 -0.385531 
-0.757733 -0.370048 -0.538712 0.683456 -0.954984 -0.867472 -0.392219 
-0.763877 -0.382875 -0.55045 0.672137 -0.964647 -0.862301 -0.398613 
-0.76959 -0.395609 -0.561948 0.660598 -0.973799 -0.856769 -0.404706 
-0.774866 -0.408238 -0.573197 0.648844 -0.982434 -0.850874 -0.410492 
-0.779697 -0.420754 -0.584188 0.636879 -0.990543 -0.844619 -0.415963 
-0.784079 -0.433147 -0.594914 0.624708 -0.998121 -0.838006 -0.421113 
-0.788004 -0.445408 -0.605365 0.612338 -1.00516 -0.831034 -0.425937 
-0.791468 -0.457527 -0.615534 0.599772 -1.01166 -0.823708 -0.430428 
-0.794466 -0.469495 -0.625413 0.587017 -1.01761 -0.816027 -0.43458 
-0.796992 -0.481303 -0.634995 0.574079 -1.023 -0.807996 -0.43839 
-0.799042 -0.492942 -0.644272 0.560963 -1.02784 -0.799617 -0.441851 
-0.800613 -0.504402 -0.653237 0.547674 -1.03212 -0.790892 -0.444958 
-0.801702 -0.515675 -0.661883 0.534218 -1.03584 -0.781826 -0.447708 
-0.802304 -0.526752 -0.670204 0.520603 -1.03899 -0.77242 -0.450096 
-0.802417 -0.537625 -0.678194 0.506832 -1.04157 -0.76268 -0.452118 
-0.80204 -0.548285 -0.685845 0.492913 -1.04357 -0.752609 -0.453771 
-0.80117 -0.558723 -0.693153 0.478852 -1.04501 -0.742212 -0.45505 
-0.799806 -0.568932 -0.700111 0.464654 -1.04587 -0.731493 -0.455954 
-0.797947 -0.578903 -0.706714 0.450326 -1.04616 -0.720456 -0.456479 
-0.795592 -0.58863 -0.712957 0.435875 -1.04588 -0.709108 -0.456622 
-0.792742 -0.598103 -0.718835 0.421306 -1.04502 -0.697453 -0.456383 
-0.789397 -0.607316 -0.724344 0.406625 -1.04359 -0.685496 -0.455758 
-0.785558 -0.616262 -0.729479 0.39184 -1.04159 -0.673244 -0.454747 
-0.781226 -0.624933 -0.734236 0.376957 -1.03902 -0.660703 -0.453348 
-0.776402 -0.633323 -0.738612 0.361981 -1.03589 -0.647879 -0.45156 
-0.771089 -0.641425 -0.742603 0.346921 -1.03219 -0.634778 -0.449383 
-0.76529 -0.649233 -0.746206 0.331781 -1.02793 -0.621407 -0.446817 
-0.759008 -0.65674 -0.749418 0.316568 -1.02312 -0.607773 -0.443862 
-0.752245 -0.663942 -0.752236 0.30129 -1.01775 -0.593883 -0.440517 
-0.745007 -0.670831 -0.754659 0.285952 -1.01184 -0.579745 -0.436785 
-0.737297 -0.677403 -0.756684 0.27056 -1.00539 -0.565367 -0.432665 
-0.72912 -0.683652 -0.75831 0.255123 -0.998396 -0.550755 -0.42816 
-0.720481 -0.689575 -0.759535 0.239645 -0.990876 -0.535918 -0.423272 
-0.711387 -0.695165 -0.760358 0.224133 -0.982832 -0.520864 -0.418001 
-0.701843 -0.700419 -0.760779 0.208594 -0.974272 -0.505602 -0.412351 
-0.691855 -0.705333 -0.760797 0.193035 -0.965203 -0.49014 -0.406325 
-0.681432 -0.709903 -0.760412 0.17746 -0.955633 -0.474487 -0.399925 
-0.670579 -0.714126 -0.759625 0.161878 -0.945571 -0.458651 -0.393154 
-0.659305 -0.717998 -0.758435 0.146293 -0.935024 -0.442642 -0.386018 
-0.647618 -0.721516 -0.756844 0.130713 -0.924002 -0.426468 -0.378518 
-0.635526 -0.724678 -0.754852 0.115144 -0.912516 -0.41014 -0.370661 
-0.623039 -0.727481 -0.752462 0.0995912 -0.900573 -0.393667 -0.36245 
-0.610166 -0.729923 -0.749675 0.0840611 -0.888186 -0.377057 -0.353891 
-0.596916 -0.732004 -0.746493 0.0685599 -0.875364 -0.360322 -0.344988 
-0.5833 -0.733721 -0.742918 0.0530934 -0.862118 -0.34347 -0.335747 
-0.569327 -0.735072 -0.738953 0.0376676 -0.84846 -0.326512 -0.326175 
-0.55501 -0.736059 -0.734601 0.0222882 -0.834402 -0.309457 -0.316277 
-0.540358 -0.736679 -0.729866 0.00696097 -0.819955 -0.292316 -0.306059 
-0.525383 -0.736933 -0.72475 -0.0083084 -0.805132 -0.275099 -0.295529 
-0.510097 -0.73682 -0.719257 -0.0235143 -0.789946 -0.257817 -0.284694 
-0.494512 -0.736342 -0.713392 -0.0386514 -0.774408 -0.240479 -0.27356 
-0.478641 -0.735499 -0.70716 -0.0537142 -0.758534 -0.223096 -0.262136 
-0.462495 -0.734292 -0.700564 -0.0686973 -0.742335 -0.205678 -0.250429 
-0.446089 -0.732723 -0.693609 -0.0835958 -0.725826 -0.188236 -0.238447 
-0.429435 -0.730792 -0.686302 -0.0984043 -0.709021 -0.17078 -0.226198 
-0.412546 -0.728503 -0.678646 -0.113118 -0.691934 -0.153321 -0.213692 
-0.395437 -0.725857 -0.670649 -0.127732 -0.67458 -0.135869 -0.200937 
-0.37812 -0.722858 -0.662316 -0.142241 -0.656972 -0.118435 -0.187942 
-0.360612 -0.719507 -0.653653 -0.156642 -0.639126 -0.10103 -0.174716 
-0.342924 -0.715808 -0.644667 -0.170928 -0.621057 -0.0836632 -0.161269 
-0.325074 -0.711765 -0.635365 -0.185097 -0.602781 -0.0663459 -0.14761 
-0.307074 -0.707381 -0.625753 -0.199143 -0.584311 -0.0490884 -0.13375 
-0.288939 -0.70266 -0.615838 -0.213062 -0.565665 -0.0319011 -0.119698 
-0.270686 -0.697608 -0.605628 -0.226851 -0.546857 -0.0147944 -0.105465 
-0.252329 -0.692228 -0.595131 -0.240505 -0.527903 0.00222158 -0.0910617 
-0.233883 -0.686525 -0.584355 -0.254021 -0.508819 0.0191365 -0.076498 
-0.215363 -0.680505 -0.573306 -0.267395 -0.489621 0.0359402 -0.0617849 
-0.196786 -0.674172 -0.561995 -0.280624 -0.470324 0.0526227 -0.0469335 
-0.178167 -0.667534 -0.550428 -0.293703 -0.450945 0.069174 -0.0319547 
-0.159521 -0.660595 -0.538615 -0.306631 -0.4315 0.0855843 -0.0168599 
-0.140865 -0.653362 -0.526564 -0.319403 -0.412004 0.101844 -0.00166028 
-0.122213 -0.645842 -0.514284 -0.332017 -0.392474 0.117943 0.0136326 
-0.103582 -0.638041 -0.501784 -0.34447 -0.372926 0.133872 0.0290072 
-0.0849872 -0.629966 -0.489073 -0.356759 -0.353376 0.149622 0.0444519 
-0.0664448 -0.621625 -0.476161 -0.368881 -0.333839 0.165184 0.059955 
-0.0479703 -0.613024 -0.463057 -0.380835 -0.314332 0.180548 0.0755046 
-0.0295796 -0.604171 -0.449771 -0.392619 -0.29487 0.195705 0.0910888 
-0.0112881 -0.595075 -0.436312 -0.404229 -0.27547 0.210648 0.106696 
0.00688837 -0.585744 -0.42269 -0.415664 -0.256146 0.225367 0.122313 
0.0249344 -0.576184 -0.408915 -0.426922 -0.236914 0.239854 0.13793 
0.0428347 -0.566406 -0.394997 -0.438001 -0.217791 0.254102 0.153533 
0.0605737 -0.556417 -0.380946 -0.448901 -0.19879 0.268101 0.169111 
0.0781365 -0.546227 -0.366772 -0.459618 -0.179928 0.281844 0.184651 
0.0955078 -0.535844 -0.352485 -0.470154 -0.161218 0.295324 0.200142 
0.112673 -0.525277 -0.338095 -0.480505 -0.142677 0.308534 0.215571 
0.129617 -0.514536 -0.323613 -0.490671 -0.124317 0.321465 0.230927 
0.146326 -0.50363 -0.309049 -0.500652 -0.106155 0.334113 0.246197 
0.162784 -0.492568 -0.294413 -0.510447 -0.0882028 0.346469 0.26137 
0.178979 -0.48136 -0.279716 -0.520054 -0.0704758 0.358528 0.276433 
0.194896 -0.470016 -0.264968 -0.529475 -0.052987 0.370284 0.291375 
0.210521 -0.458546 -0.250178 -0.538708 -0.03575 0.38173 0.306185 
0.225841 -0.446959 -0.235358 -0.547753 -0.0187778 0.392862 0.320849 
0.240844 -0.435266 -0.220518 -0.556611 -0.00208326 0.403673 0.335358 
0.255515 -0.423476 -0.205668 -0.565281 0.0143212 0.414159 0.349699 
0.269843 -0.4116 -0.190818 -0.573763 0.0304233 0.424316 0.363862 
0.283815 -0.399647 -0.175979 -0.582059 0.0462112 0.434138 0.377834 
0.297419 -0.387629 -0.16116 -0.590169 0.0616734 0.443622 0.391605 
0.310644 -0.375555 -0.146372 -0.598093 0.0767986 0.452763 0.405164 
0.323478 -0.363435 -0.131624 -0.605832 0.091576 0.461559 0.4185 
0.335911 -0.351281 -0.116926 -0.613388 0.105995 0.470005 0.431603 
0.347931 -0.339101 -0.102289 -0.62076 0.120046 0.478099 0.444462 
0.359529 -0.326907 -0.0877218 -0.627951 0.133718 0.485839 0.457066 
0.370695 -0.314708 -0.0732341 -0.634961 0.147003 0.493222 0.469407 
0.381419 -0.302516 -0.0588354 -0.641791 0.159892 0.500245 0.481473 
0.391693 -0.290339 -0.0445351 -0.648445 0.172375 0.506908 0.493255 
0.401508 -0.278189 -0.0303424 -0.654922 0.184446 0.513209 0.504745 
0.410855 -0.266074 -0.0162664 -0.661224 0.196095 0.519146 0.515931 
0.419727 -0.254007 -0.0023161 -0.667354 0.207317 0.524719 0.526807 
0.428116 -0.241995 0.0114998 -0.673313 0.218103 0.529928 0.537362 
0.436016 -0.230049 0.0251725 -0.679103 0.228448 0.534773 0.547588 
0.443421 -0.21818 0.0386937 -0.684727 0.238346 0.539253 0.557478 
0.450323 -0.206396 0.052055 -0.690186 0.247791 0.543369 0.567022 
0.456719 -0.194706 0.0652484 -0.695483 0.256778 0.547122 0.576214 
0.462603 -0.183122 0.0782658 -0.70062 0.265302 0.550513 0.585045 
0.467969 -0.171651 0.0910995 -0.705599 0.27336 0.553544 0.59351 
0.472815 -0.160303 0.103742 -0.710423 0.280948 0.556217 0.601599 
0.477137 -0.149087 0.116186 -0.715094 0.288062 0.558533 0.609308 
0.480931 -0.138011 0.128424 -0.719615 0.2947 0.560495 0.61663 
0.484196 -0.127085 0.14045 -0.72399 0.300859 0.562106 0.623558 
0.486928 -0.116316 0.152256 -0.728219 0.306538 0.563368 0.630088 
0.489127 -0.105714 0.163837 -0.732307 0.311735 0.564286 0.636213 
0.490791 -0.095286 0.175185 -0.736256 0.31645 0.564863 0.641928 
0.491921 -0.08504 0.186295 -0.740068 0.320682 0.565103 0.64723 
0.492515 -0.0749838 0.197162 -0.743748 0.324432 0.56501 0.652112 
0.492574 -0.0651249 0.207779 -0.747297 0.327699 0.564589 0.656572 
0.4921 -0.0554704 0.218142 -0.75072 0.330485 0.563845 0.660606 
0.491093 -0.0460275 0.228245 -0.754018 0.332792 0.562782 0.664209 
0.489556 -0.0368028 0.238083 -0.757196 0.334621 0.561407 0.66738 
0.487492 -0.027803 0.247652 -0.760255 0.335976 0.559724 0.670114 
0.484902 -0.0190342 0.256948 -0.7632 0.336858 0.557741 0.67241 
0.481792 -0.0105026 0.265967 -0.766033 0.337271 0.555462 0.674266 
0.478165 -0.0022138 0.274704 -0.768758 0.33722 0.552896 0.675679 
0.474025 0.00582666 0.283157 -0.771377 0.336708 0.550048 0.676649 
0.469377 0.0136136 0.291323 -0.773895 0.335741 0.546926 0.677174 
0.464228 0.021142 0.299197 -0.776313 0.334322 0.543537 0.677254 
0.458582 0.0284073 0.306778 -0.778636 0.332459 0.539888 0.676888 
0.452447 0.0354052 0.314063 -0.780867 0.330157 0.535987 0.676077 
0.445829 0.0421315 0.32105 -0.783007 0.327422 0.531843 0.67482 
0.438737 0.0485826 0.327737 -0.785062 0.324262 0.527463 0.673118 
0.431177 0.0547549 0.334123 -0.787034 0.320683 0.522856 0.670972 
0.423159 0.0606454 0.340206 -0.788926 0.316694 0.51803 0.668384 
0.41469 0.0662511 0.345985 -0.790741 0.312302 0.512994 0.665355 
0.405781 0.0715696 0.351459 -0.792482 0.307516 0.507758 0.661888 
0.396441 0.0765986 0.356627 -0.794153 0.302345 0.50233 0.657984 
0.38668 0.0813363 0.36149 -0.795756 0.296797 0.49672 0.653646 
0.376508 0.085781 0.366048 -0.797294 0.290883 0.490937 0.648878 
0.365938 0.0899316 0.3703 -0.79877 0.284613 0.484991 0.643683 
0.354979 0.093787 0.374247 -0.800188 0.277996 0.478891 0.638064 
0.343645 0.0973467 0.377891 -0.80155 0.271043 0.472649 0.632025 
0.331946 0.10061 0.381231 -0.802859 0.263764 0.466273 0.625571 
0.319895 0.103578 0.384269 -0.804117 0.256172 0.459774 0.618707 
0.307506 0.10625 0.387008 -0.805327 0.248278 0.453162 0.611436 
0.294792 0.108627 0.389448 -0.806493 0.240092 0.446448 0.603766 
0.281765 0.11071 0.391591 -0.807616 0.231628 0.439642 0.5957 
0.26844 0.112501 0.39344 -0.808699 0.222898 0.432755 0.587246 
0.254832 0.114 0.394998 -0.809745 0.213913 0.425797 0.578408 
0.240953 0.115211 0.396267 -0.810755 0.204686 0.418779 0.569194 
0.22682 0.116135 0.397249 -0.811733 0.195231 0.411711 0.55961 
0.212448 0.116774 0.397949 -0.812681 0.185561 0.404606 0.549663 
0.19785 0.117133 0.39837 -0.8136 0.175689 0.397472 0.539361 
0.183044 0.117213 0.398514 -0.814493 0.165627 0.390322 0.52871 
0.168044 0.11702 0.398387 -0.815362 0.155391 0.383166 0.517719 
0.152867 0.116555 0.397992 -0.816208 0.144993 0.376015 0.506395 
0.137529 0.115824 0.397333 -0.817034 0.134448 0.368879 0.494747 
0.122046 0.114831 0.396414 -0.817842 0.123769 0.36177 0.482782 
0.106434 0.113581 0.395241 -0.818633 0.112971 0.354698 0.470511 
0.0907105 0.112078 0.393818 -0.819409 0.102067 0.347675 0.457941 
0.0748918 0.110328 0.39215 -0.82017 0.0910728 0.34071 0.445081 
0.0589947 0.108337 0.390242 -0.82092 0.0800016 0.333814 0.431941 
0.0430364 0.10611 0.388099 -0.821659 0.068868 0.326998 0.418531 
0.0270338 0.103653 0.385727 -0.822387 0.0576864 0.320272 0.404859 
0.011004 0.100974 0.383132 -0.823108 0.0464712 0.313647 0.390936 
-0.0050358 0.0980776 0.380318 -0.823821 0.0352367 0.307134 0.376771 
-0.0210684 0.0949716 0.377293 -0.824527 0.0239973 0.300741 0.362375 
-0.0370765 0.091663 0.374061 -0.825228 0.0127673 0.294479 0.347757 
-0.053043 0.0881592 0.370629 -0.825924 0.00156094 0.288359 0.332929 
-0.0689506 0.0844675 0.367004 -0.826616 -0.0096075 0.28239 0.3179 
-0.0847822 0.0805959 0.363191 -0.827304 -0.0207239 0.276581 0.302682 
-0.100521 0.0765523 0.359197 -0.82799 -0.0317743 0.270942 0.287284 
-0.116149 0.0723449 0.355028 -0.828672 -0.0427447 0.265482 0.271718 
-0.13165 0.067982 0.350691 -0.829353 -0.0536212 0.26021 0.255994 
-0.147007 0.0634722 0.346193 -0.830031 -0.0643903 0.255136 0.240124 
-0.162203 0.0588243 0.34154 -0.830708 -0.0750384 0.250268 0.224118 
-0.177222 0.054047 0.336739 -0.831382 -0.0855521 0.245615 0.207987 
-0.192046 0.0491496 0.331797 -0.832055 -0.0959183 0.241184 0.191744 
-0.206661 0.0441412 0.326721 -0.832725 -0.106124 0.236984 0.175397 
-0.221049 0.0390311 0.321518 -0.833393 -0.116156 0.233024 0.15896 
-0.235194 0.0338288 0.316194 -0.834058 -0.126002 0.229309 0.142442 
-0.249082 0.028544 0.310756 -0.83472 -0.13565 0.225849 0.125856 
-0.262696 0.0231862 0.305213 -0.835378 -0.145088 0.22265 0.109212 
-0.276021 0.0177654 0.299569 -0.836032 -0.154304 0.219718 0.092521 
-0.289042 0.0122915 0.293833 -0.836681 -0.163285 0.217061 0.0757948 
-0.301744 0.0067743 0.288012 -0.837324 -0.172022 0.214685 0.0590442 
-0.314113 0.001224 0.282112 -0.83796 -0.180502 0.212596 0.0422803 
-0.326135 -0.00434934 0.27614 -0.838589 -0.188716 0.210799 0.025514 
-0.337796 -0.00993555 0.270103 -0.839209 -0.196652 0.209301 0.00875622 
-0.349082 -0.0155244 0.264008 -0.839819 -0.204301 0.208106 -0.00798217 
-0.359981 -0.0211058 0.257861 -0.840419 -0.211653 0.207219 -0.0246904 
-0.370479 -0.0266693 0.251671 -0.841006 -0.218698 0.206645 -0.0413579 
-0.380564 -0.0322048 0.245442 -0.841579 -0.225428 0.206389 -0.057974 
-0.390224 -0.037702 0.239182 -0.842138 -0.231834 0.206453 -0.0745282 
-0.399447 -0.0431507 0.232897 -0.84268 -0.237908 0.206842 -0.0910103 
-0.408223 -0.0485406 0.226594 -0.843205 -0.243641 0.20756 -0.10741 
-0.416539 -0.0538616 0.220279 -0.843709 -0.249026 0.208608 -0.123717 
-0.424387 -0.0591035 0.213958 -0.844193 -0.254056 0.209989 -0.139922 
-0.431755 -0.0642563 0.207637 -0.844654 -0.258724 0.211707 -0.156015 
-0.438635 -0.0693099 0.201323 -0.84509 -0.263024 0.213763 -0.171987 
-0.445017 -0.0742545 0.195021 -0.845499 -0.266949 0.216158 -0.187827 
-0.450893 -0.0790802 0.188738 -0.84588 -0.270496 0.218894 -0.203526 
-0.456255 -0.0837772 0.182478 -0.84623 -0.273657 0.221972 -0.219077 
-0.461095 -0.088336 0.176247 -0.846548 -0.27643 0.225393 -0.234468 
-0.465406 -0.0927469 0.170052 -0.846832 -0.278809 0.229156 -0.249693 
-0.469181 -0.0970006 0.163896 -0.847079 -0.280791 0.233261 -0.264743 
-0.472415 -0.101088 0.157785 -0.847288 -0.282372 0.237709 -0.279608 
-0.475101 -0.104999 0.151725 -0.847456 -0.28355 0.242497 -0.294282 
-0.477236 -0.108727 0.145719 -0.847581 -0.284323 0.247626 -0.308757 
-0.478813 -0.112261 0.139773 -0.847661 -0.284688 0.253094 -0.323024 
-0.47983 -0.115593 0.133891 -0.847694 -0.284644 0.258898 -0.337077 
-0.480283 -0.118714 0.128077 -0.847678 -0.284189 0.265037 -0.350908 
-0.480168 -0.121618 0.122335 -0.84761 -0.283324 0.271508 -0.364511 
-0.479485 -0.124294 0.11667 -0.847487 -0.282048 0.278308 -0.377879 
-0.47823 -0.126737 0.111084 -0.847309 -0.280362 0.285434 -0.391005 
-0.476404 -0.128937 0.105583 -0.847072 -0.278267 0.292882 -0.403885 
-0.474004 -0.130888 0.100168 -0.846774 -0.275763 0.300649 -0.416511 
-0.471031 -0.132583 0.0948437 -0.846412 -0.272852 0.308729 -0.428878 
-0.467486 -0.134015 0.0896124 -0.845986 -0.269537 0.317119 -0.440982 
-0.46337 -0.135177 0.0844771 -0.845491 -0.265821 0.325814 -0.452817 
-0.458683 -0.136063 0.0794404 -0.844927 -0.261706 0.334808 -0.464378 
-0.453429 -0.136667 0.0745047 -0.84429 -0.257196 0.344096 -0.475662 
-0.44761 -0.136982 0.0696721 -0.843579 -0.252295 0.353672 -0.486663 
-0.441229 -0.137004 0.0649448 -0.84279 -0.247008 0.363529 -0.497378 
-0.434291 -0.136728 0.0603244 -0.841923 -0.241339 0.373662 -0.507805 
-0.426799 -0.136147 0.0558126 -0.840975 -0.235294 0.384062 -0.517938 
-0.418759 -0.135259 0.0514107 -0.839943 -0.228878 0.394725 -0.527777 
-0.410176 -0.134057 0.04712 -0.838825 -0.222098 0.405641 -0.537317 
-0.401057 -0.13254 0.0429413 -0.83762 -0.21496 0.416803 -0.546557 
-0.391407 -0.130701 0.0388754 -0.836325 -0.207471 0.428203 -0.555494 
-0.381234 -0.12854 0.034923 -0.834939 -0.199639 0.439833 -0.564127 
-0.370546 -0.126051 0.0310843 -0.833458 -0.191471 0.451685 -0.572455 
-0.35935 -0.123233 0.0273595 -0.831882 -0.182976 0.463749 -0.580475 
-0.347657 -0.120084 0.0237486 -0.830209 -0.174162 0.476017 -0.588189 
-0.335474 -0.1166 0.0202513 -0.828436 -0.165038 0.48848 -0.595594 
-0.322811 -0.112781 0.0168671 -0.826562 -0.155613 0.501127 -0.60269 
-0.309679 -0.108626 0.0135954 -0.824584 -0.145898 0.513949 -0.609479 
-0.296089 -0.104132 0.0104353 -0.822503 -0.135901 0.526937 -0.615959 
-0.282052 -0.0993002 0.00738579 -0.820315 -0.125633 0.54008 -0.622132 
-0.267578 -0.0941295 0.00444566 -0.818019 -0.115105 0.553367 -0.627999 
-0.252682 -0.0886201 0.00161346 -0.815614 -0.104328 0.566789 -0.633561 
-0.237374 -0.0827724 -0.00111241 -0.813098 -0.0933125 0.580334 -0.638818 
-0.221668 -0.0765872 -0.00373374 -0.81047 -0.0820706 0.593992 -0.643774 
-0.205578 -0.0700656 -0.0062525 -0.807729 -0.0706139 0.607751 -0.64843 
-0.189117 -0.0632091 -0.00867083 -0.804873 -0.0589543 0.6216 -0.652789 
-0.1723 -0.0560196 -0.010991 -0.801902 -0.0471042 0.635528 -0.656852 
-0.155141 -0.0484991 -0.0132156 -0.798814 -0.0350762 0.649524 -0.660623 
-0.137655 -0.0406504 -0.0153472 -0.795609 -0.0228828 0.663575 -0.664106 
-0.119857 -0.0324762 -0.0173886 -0.792285 -0.0105371 0.67767 -0.667302 
-0.101764 -0.0239799 -0.0193428 -0.788842 0.00194782 0.691798 -0.670216 
-0.0833908 -0.015165 -0.0212128 -0.785279 0.0145586 0.705945 -0.672853 
-0.0647544 -0.0060355 -0.0230019 -0.781596 0.0272818 0.720101 -0.675215 
-0.0458712 0.00340434 -0.0247135 -0.777791 0.0401038 0.734252 -0.677307 
-0.0267584 0.0131499 -0.0263512 -0.773865 0.0530107 0.748388 -0.679134 
-0.00743294 0.0231961 -0.0279185 -0.769818 0.0659888 0.762495 -0.6807 
0.0120875 0.0335378 -0.0294192 -0.765648 0.0790239 0.776561 -0.682011 
0.0317853 0.0441692 -0.0308572 -0.761356 0.092102 0.790574 -0.683072 
0.0516425 0.0550844 -0.0322365 -0.756942 0.105209 0.804522 -0.683887 
0.0716409 0.0662771 -0.0335612 -0.752406 0.11833 0.818393 -0.684463 
0.0917621 0.0777408 -0.0348354 -0.747748 0.131452 0.832173 -0.684806 
0.111988 0.0894684 -0.0360635 -0.742968 0.14456 0.845852 -0.684921 
0.132299 0.101453 -0.0372499 -0.738066 0.157639 0.859416 -0.684814 
0.152677 0.113686 -0.0383989 -0.733044 0.170675 0.872853 -0.684492 
0.173103 0.126161 -0.0395151 -0.727902 0.183654 0.886151 -0.683961 
0.193558 0.13887 -0.040603 -0.72264 0.196562 0.899298 -0.683228 
0.214023 0.151803 -0.0416673 -0.717258 0.209384 0.912281 -0.682299 
0.234478 0.164952 -0.0427128 -0.711759 0.222106 0.92509 -0.681182 
0.254905 0.178309 -0.043744 -0.706143 0.234713 0.937712 -0.679883 
0.275283 0.191864 -0.0447658 -0.70041 0.247193 0.950134 -0.678409 
0.295595 0.205607 -0.045783 -0.694563 0.25953 0.962346 -0.676767 
0.315819 0.21953 -0.0468003 -0.688601 0.271711 0.974336 -0.674966 
0.335938 0.233622 -0.0478227 -0.682528 0.283723 0.986092 -0.673012 
0.355932 0.247872 -0.0488549 -0.676343 0.295551 0.997604 -0.670912 
0.375782 0.262271 -0.0499018 -0.67005 0.307182 1.00886 -0.668675 
0.395468 0.276808 -0.0509681 -0.663648 0.318604 1.01985 -0.666307 
0.414972 0.291473 -0.0520589 -0.657141 0.329802 1.03056 -0.663817 
0.434274 0.306253 -0.0531787 -0.650529 0.340764 1.04098 -0.661212 
0.453357 0.321139 -0.0543323 -0.643816 0.351478 1.0511 -0.658499 
0.472201 0.336118 -0.0555246 -0.637002 0.361931 1.06092 -0.655687 
0.490788 0.35118 -0.0567601 -0.63009 0.372111 1.07041 -0.652784 
0.5091 0.366312 -0.0580436 -0.623082 0.382006 1.07958 -0.649797 
0.527119 0.381504 -0.0593794 -0.615981 0.391605 1.08841 -0.646733 
0.544826 0.396742 -0.0607723 -0.608788 0.400896 1.09689 -0.643601 
0.562205 0.412016 -0.0622265 -0.601507 0.409867 1.10501 -0.640408 
0.579237 0.427312 -0.0637464 -0.594139 0.418509 1.11277 -0.637163 
0.595907 0.442619 -0.0653363 -0.586688 0.426811 1.12015 -0.633872 
0.612196 0.457924 -0.0670004 -0.579156 0.434763 1.12716 -0.630543 
0.628089 0.473216 -0.0687427 -0.571546 0.442355 1.13377 -0.627184 
0.64357 0.488481 -0.0705672 -0.563861 0.449578 1.13998 -0.623803 
0.658622 0.503707 -0.0724776 -0.556104 0.456423 1.14579 -0.620406 
0.673231 0.518881 -0.0744778 -0.548277 0.46288 1.15118 -0.617002 
0.687381 0.533992 -0.0765713 -0.540384 0.468943 1.15616 -0.613597 
0.701057 0.549026 -0.0787616 -0.532427 0.474603 1.16071 -0.610198 
0.714245 0.563971 -0.081052 -0.524411 0.479852 1.16483 -0.606813 
0.726932 0.578814 -0.0834456 -0.516338 0.484684 1.16851 -0.603449 
0.739103 0.593543 -0.0859456 -0.508212 0.489093 1.17174 -0.600112 
0.750746 0.608145 -0.0885547 -0.500036 0.493071 1.17453 -0.596809 
0.761849 0.622608 -0.0912756 -0.491813 0.496613 1.17687 -0.593546 
0.772398 0.636919 -0.094111 -0.483546 0.499714 1.17874 -0.59033 
0.782383 0.651067 -0.0970631 -0.475241 0.502369 1.18016 -0.587168 
0.791792 0.665038 -0.100134 -0.466899 0.504574 1.18111 -0.584065 
0.800615 0.67882 -0.103326 -0.458524 0.506325 1.18159 -0.581027 
0.808841 0.692402 -0.106641 -0.45012 0.507619 1.1816 -0.578059 
0.816461 0.705771 -0.11008 -0.441692 0.508451 1.18114 -0.575169 
0.823467 0.718915 -0.113645 -0.433241 0.508821 1.18019 -0.57236 
0.829848 0.731824 -0.117337 -0.424773 0.508726 1.17877 -0.569638 
0.835599 0.744484 -0.121157 -0.41629 0.508164 1.17687 -0.567008 
0.84071 0.756886 -0.125105 -0.407797 0.507135 1.17449 -0.564474 
0.845175 0.769017 -0.129184 -0.399297 0.505638 1.17163 -0.562042 
0.848988 0.780866 -0.133392 -0.390794 0.503673 1.16828 -0.559716 
0.852144 0.792423 -0.13773 -0.382292 0.501241 1.16445 -0.557499 
0.854637 0.803677 -0.142198 -0.373795 0.498342 1.16014 -0.555396 
0.856462 0.814617 -0.146796 -0.365306 0.494978 1.15535 -0.55341 
0.857617 0.825233 -0.151523 -0.35683 0.491151 1.15008 -0.551545 
0.858097 0.835515 -0.156379 -0.348369 0.486864 1.14433 -0.549804 
0.8579 0.845454 -0.161362 -0.339928 0.482119 1.1381 -0.548189 
0.857024 0.855039 -0.166471 -0.33151 0.47692 1.1314 -0.546704 
0.855468 0.864262 -0.171706 -0.32312 0.471271 1.12422 -0.545351 
0.85323 0.873113 -0.177064 -0.314761 0.465177 1.11658 -0.544132 
0.850311 0.881584 -0.182543 -0.306436 0.458642 1.10848 -0.543049 
0.846711 0.889666 -0.188142 -0.29815 0.451672 1.09991 -0.542104 
0.842431 0.897351 -0.193858 -0.289905 0.444272 1.09088 -0.541298 
0.837473 0.904631 -0.199689 -0.281706 0.43645 1.0814 -0.540632 
0.831839 0.911499 -0.205631 -0.273557 0.428212 1.07148 -0.540107 
0.825533 0.917947 -0.211682 -0.26546 0.419566 1.06111 -0.539725 
0.818557 0.923969 -0.217839 -0.257419 0.410519 1.05031 -0.539484 
0.810916 0.929558 -0.224098 -0.249438 0.401079 1.03907 -0.539385 
0.802616 0.934707 -0.230455 -0.241519 0.391256 1.02741 -0.539429 
0.79366 0.939411 -0.236906 -0.233667 0.381058 1.01533 -0.539614 
0.784057 0.943664 -0.243448 -0.225885 0.370496 1.00285 -0.53994 
0.773811 0.947462 -0.250076 -0.218176 0.359578 0.989954 -0.540405 
0.762932 0.950798 -0.256785 -0.210543 0.348316 0.976667 -0.54101 
0.751425 0.95367 -0.263571 -0.202988 0.336721 0.962992 -0.541751 
0.739301 0.956072 -0.270429 -0.195516 0.324803 0.948938 -0.542627 
0.726567 0.958001 -0.277352 -0.188129 0.312575 0.934514 -0.543637 
0.713235 0.959453 -0.284337 -0.18083 0.300048 0.919727 -0.544778 
0.699314 0.960427 -0.291377 -0.173622 0.287235 0.904588 -0.546047 
0.684814 0.960919 -0.298467 -0.166508 0.274149 0.889106 -0.547442 
0.669748 0.960926 -0.3056 -0.159489 0.260802 0.873291 -0.548958 
0.654127 0.960448 -0.312771 -0.152569 0.247208 0.857152 -0.550594 
0.637964 0.959483 -0.319973 -0.145751 0.233381 0.8407 -0.552346 
0.621271 0.95803 -0.327199 -0.139036 0.219336 0.823946 -0.554209 
0.604063 0.956089 -0.334443 -0.132427 0.205085 0.8069 -0.55618 
0.586354 0.953658 -0.341698 -0.125926 0.190645 0.789574 -0.558254 
0.568157 0.95074 -0.348957 -0.119535 0.17603 0.771978 -0.560426 
0.549488 0.947333 -0.356212 -0.113256 0.161254 0.754125 -0.562693 
0.530362 0.94344 -0.363457 -0.107092 0.146335 0.736025 -0.565049 
0.510796 0.939061 -0.370684 -0.101043 0.131286 0.717692 -0.567488 
0.490805 0.9342 -0.377885 -0.095112 0.116125 0.699136 -0.570006 
0.470407 0.928857 -0.385052 -0.0893001 0.100867 0.68037 -0.572596 
0.449619 0.923036 -0.392178 -0.0836087 0.0855282 0.661406 -0.575254 
0.428459 0.916739 -0.399255 -0.0780393 0.0701255 0.642257 -0.577972 
0.406944 0.909971 -0.406274 -0.0725932 0.0546752 0.622937 -0.580745 
0.385093 0.902735 -0.413227 -0.0672716 0.0391942 0.603457 -0.583567 
0.362925 0.895035 -0.420107 -0.0620753 0.0236992 0.58383 -0.58643 
0.340459 0.886876 -0.426904 -0.0570055 0.00820717 0.56407 -0.589328 
0.317714 0.878263 -0.433611 -0.0520628 -0.00726479 0.54419 -0.592254 
0.29471 0.869202 -0.440218 -0.047248 -0.0226996 0.524203 -0.595201 
0.271468 0.859699 -0.446718 -0.0425616 -0.03808 0.504123 -0.598162 
0.248007 0.849759 -0.453101 -0.0380042 -0.0533889 0.483962 -0.60113 
0.224348 0.839389 -0.459359 -0.033576 -0.0686091 0.463735 -0.604097 
0.200511 0.828597 -0.465483 -0.0292773 -0.0837231 0.443456 -0.607055 
0.176519 0.817389 -0.471465 -0.0251081 -0.0987139 0.423136 -0.609997 
0.152391 0.805773 -0.477296 -0.0210686 -0.113564 0.402791 -0.612915 
0.128151 0.793757 -0.482967 -0.0171585 -0.128257 0.382434 -0.615801 
0.103818 0.78135 -0.488469 -0.0133775 -0.142775 0.362078 -0.618647 
0.0794148 0.76856 -0.493793 -0.00972543 -0.157101 0.341737 -0.621445 
0.0549634 0.755396 -0.498931 -0.00620167 -0.171218 0.321425 -0.624187 
0.0304855 0.741868 -0.503875 -0.00280565 -0.18511 0.301155 -0.626865 
0.00600332 0.727986 -0.508615 0.00046335 -0.198759 0.280941 -0.62947 
-0.0184612 0.713758 -0.513143 0.00360616 -0.21215 0.260796 -0.631994 
-0.0428859 0.699196 -0.51745 0.00662372 -0.225265 0.240734 -0.634428 
-0.0672485 0.68431 -0.521528 0.00951711 -0.238089 0.220767 -0.636766 
-0.0915269 0.669112 -0.525369 0.0122875 -0.250605 0.20091 -0.638997 
-0.115699 0.653611 -0.528964 0.0149362 -0.262798 0.181175 -0.641113 
-0.139742 0.637819 -0.532304 0.0174645 -0.274651 0.161575 -0.643107 
-0.163635 0.621749 -0.535383 0.0198741 -0.286151 0.142124 -0.64497 
-0.187356 0.605412 -0.538191 0.0221665 -0.297281 0.122833 -0.646693 
-0.210881 0.58882 -0.540721 0.0243434 -0.308027 0.103716 -0.648268 
-0.234191 0.571985 -0.542964 0.0264067 -0.318373 0.0847851 -0.649687 
-0.257262 0.55492 -0.544915 0.0283583 -0.328307 0.0660526 -0.650942 
-0.280074 0.537638 -0.546564 0.0302002 -0.337814 0.0475306 -0.652024 
-0.302604 0.520151 -0.547905 0.0319347 -0.346879 0.0292311 -0.652925 
-0.324833 0.502473 -0.54893 0.0335638 -0.355491 0.0111659 -0.653637 
-0.346738 0.484617 -0.549632 0.0350899 -0.363636 -0.0066536 -0.654152 
-0.3683 0.466597 -0.550005 0.0365155 -0.371302 -0.0242159 -0.654463 
-0.389497 0.448426 -0.550042 0.0378431 -0.378475 -0.0415099 -0.654561 
-0.41031 0.430117 -0.549736 0.0390753 -0.385146 -0.0585248 -0.65444 
-0.430718 0.411686 -0.549081 0.0402146 -0.391302 -0.0752498 -0.65409 
-0.450702 0.393145 -0.548072 0.0412641 -0.396932 -0.0916746 -0.653506 
-0.470243 0.374508 -0.546702 0.0422263 -0.402026 -0.107789 -0.65268 
-0.489321 0.355791 -0.544965 0.0431044 -0.406573 -0.123583 -0.651604 
-0.507918 0.337006 -0.542857 0.0439012 -0.410565 -0.139048 -0.650271 
-0.526015 0.318169 -0.540373 0.04462 -0.413992 -0.154173 -0.648676 
-0.543595 0.299294 -0.537506 0.0452637 -0.416845 -0.168949 -0.646811 
-0.560641 0.280394 -0.534254 0.0458357 -0.419117 -0.183369 -0.644669 
-0.577134 0.261485 -0.530611 0.0463391 -0.420799 -0.197424 -0.642246 
-0.593059 0.242581 -0.526574 0.0467774 -0.421884 -0.211105 -0.639533 
-0.608399 0.223697 -0.522138 0.0471538 -0.422366 -0.224404 -0.636527 
-0.623139 0.204846 -0.517301 0.047472 -0.422238 -0.237315 -0.63322 
-0.637264 0.186043 -0.512058 0.0477352 -0.421496 -0.249829 -0.629608 
-0.650758 0.167302 -0.506407 0.0479471 -0.420133 -0.261941 -0.625686 
-0.663608 0.148639 -0.500346 0.0481113 -0.418146 -0.273644 -0.621448 
-0.675799 0.130066 -0.493872 0.0482313 -0.41553 -0.28493 -0.61689 
-0.687319 0.111598 -0.486983 0.0483108 -0.412282 -0.295796 -0.612007 
-0.698155 0.0932499 -0.479677 0.0483535 -0.408399 -0.306235 -0.606796 
-0.708294 0.0750347 -0.471954 0.0483631 -0.403879 -0.316242 -0.601251 
-0.717726 0.0569664 -0.463811 0.0483434 -0.398721 -0.325812 -0.59537 
-0.72644 0.0390589 -0.455248 0.0482981 -0.392921 -0.334942 -0.589149 
-0.734425 0.0213257 -0.446265 0.0482309 -0.386482 -0.343627 -0.582585 
-0.741671 0.00378035 -0.436862 0.0481457 -0.379401 -0.351863 -0.575675 
-0.748169 -0.0135639 -0.427038 0.0480463 -0.371681 -0.359647 -0.568417 
-0.753912 -0.0306939 -0.416796 0.0479364 -0.363321 -0.366977 -0.560807 
-0.75889 -0.0475967 -0.406134 0.0478198 -0.354325 -0.373849 -0.552845 
-0.763097 -0.0642595 -0.395056 0.0477005 -0.344693 -0.380262 -0.544529 
-0.766527 -0.0806699 -0.383562 0.0475821 -0.334429 -0.386215 -0.535857 
-0.769172 -0.0968154 -0.371654 0.0474684 -0.323537 -0.391705 -0.526827 
-0.771029 -0.112684 -0.359335 0.0473633 -0.312021 -0.396731 -0.517441 
-0.772092 -0.128264 -0.346607 0.0472705 -0.299884 -0.401294 -0.507696 
-0.772357 -0.143543 -0.333473 0.0471936 -0.287133 -0.405392 -0.497592 
-0.771821 -0.15851 -0.319938 0.0471365 -0.273774 -0.409027 -0.487131 
-0.770482 -0.173155 -0.306003 0.0471028 -0.259812 -0.412198 -0.476312 
-0.768338 -0.187466 -0.291674 0.0470962 -0.245254 -0.414907 -0.465136 
-0.765386 -0.201432 -0.276955 0.0471203 -0.230109 -0.417155 -0.453605 
-0.761628 -0.215044 -0.261851 0.0471786 -0.214383 -0.418943 -0.441719 
-0.757062 -0.228291 -0.246366 0.0472746 -0.198087 -0.420273 -0.429481 
-0.75169 -0.241165 -0.230507 0.047412 -0.181228 -0.421149 -0.416892 
-0.745514 -0.253654 -0.214278 0.0475941 -0.163817 -0.421572 -0.403956 
-0.738534 -0.265752 -0.197687 0.0478242 -0.145863 -0.421547 -0.390675 
-0.730755 -0.277448 -0.180739 0.0481058 -0.127378 -0.421076 -0.377051 
-0.72218 -0.288735 -0.163441 0.048442 -0.108373 -0.420163 -0.363089 
-0.712812 -0.299604 -0.145801 0.0488361 -0.0888599 -0.418813 -0.348792 
-0.702657 -0.310049 -0.127825 0.0492913 -0.0688503 -0.41703 -0.334164 
-0.691721 -0.320061 -0.109523 0.0498105 -0.0483574 -0.41482 -0.31921 
-0.680009 -0.329634 -0.0909006 0.0503968 -0.0273945 -0.412186 -0.303934 
-0.667529 -0.338761 -0.0719676 0.051053 -0.00597514 -0.409136 -0.288341 
-0.654287 -0.347437 -0.0527325 0.0517821 0.0158863 -0.405675 -0.272436 
-0.640293 -0.355656 -0.0332043 0.0525867 0.0381753 -0.401809 -0.256226 
-0.625555 -0.363411 -0.0133921 0.0534696 0.0608767 -0.397545 -0.239715 
-0.610083 -0.370699 0.00669422 0.0544332 0.0839751 -0.39289 -0.222911 
-0.593886 -0.377515 0.0270449 0.0554802 0.107454 -0.38785 -0.20582 
-0.576976 -0.383855 0.0476498 0.0566128 0.131299 -0.382434 -0.188449 
-0.559363 -0.389714 0.0684985 0.0578334 0.155491 -0.37665 -0.170804 
-0.541061 -0.39509 0.0895801 0.0591442 0.180014 -0.370505 -0.152893 
-0.52208 -0.39998 0.110884 0.0605472 0.20485 -0.364007 -0.134724 
-0.502435 -0.404381 0.132398 0.0620445 0.229982 -0.357166 -0.116305 
-0.482139 -0.408291 0.154112 0.063638 0.255392 -0.34999 -0.097644 
-0.461207 -0.411709 0.176014 0.0653294 0.281061 -0.342488 -0.0787495 
-0.439653 -0.414633 0.198091 0.0671203 0.30697 -0.33467 -0.0596303 
-0.417493 -0.417062 0.220332 0.0690125 0.333101 -0.326546 -0.0402953 
-0.394742 -0.418997 0.242723 0.0710072 0.359433 -0.318124 -0.0207539 
-0.371417 -0.420436 0.265254 0.0731059 0.385949 -0.309416 -0.00101551 
-0.347535 -0.421382 0.28791 0.0753097 0.412627 -0.300432 0.0189101 
-0.323114 -0.421834 0.310679 0.0776198 0.439448 -0.291182 0.039013 
-0.298171 -0.421793 0.333548 0.0800371 0.466391 -0.281676 0.0592831 
-0.272724 -0.421262 0.356503 0.0825625 0.493437 -0.271926 0.0797099 
-0.246793 -0.420243 0.379531 0.0851967 0.520564 -0.261943 0.100283 
-0.220396 -0.418738 0.402618 0.0879403 0.547752 -0.251737 0.120991 
-0.193553 -0.41675 0.425751 0.0907938 0.57498 -0.241321 0.141824 
-0.166285 -0.414283 0.448915 0.0937577 0.602227 -0.230705 0.16277 
-0.138611 -0.41134 0.472097 0.0968321 0.629473 -0.219902 0.183818 
-0.110553 -0.407926 0.495283 0.100017 0.656695 -0.208923 0.204957 
-0.0821306 -0.404044 0.518458 0.103313 0.683872 -0.197779 0.226174 
-0.0533665 -0.399701 0.541608 0.106719 0.710985 -0.186483 0.247459 
-0.0242819 -0.394901 0.564719 0.110235 0.73801 -0.175047 0.268799 
0.005101 -0.38965 0.587776 0.113862 0.764927 -0.163483 0.290182 
0.03476 -0.383954 0.610765 0.117597 0.791714 -0.151803 0.311597 
0.0646726 -0.377821 0.633671 0.121442 0.818351 -0.14002 0.33303 
0.094816 -0.371255 0.65648 0.125394 0.844816 -0.128145 0.35447 
0.125167 -0.364266 0.679177 0.129454 0.871087 -0.116191 0.375904 
0.155703 -0.35686 0.701748 0.133619 0.897145 -0.10417 0.397319 
0.1864 -0.349046 0.724178 0.137889 0.922967 -0.0920954 0.418704 
0.217235 -0.340831 0.746452 0.142264 0.948533 -0.0799786 0.440045 
0.248184 -0.332225 0.768557 0.14674 0.973823 -0.0678322 0.46133 
0.279223 -0.323235 0.790477 0.151317 0.998815 -0.0556686 0.482546 
0.310328 -0.313873 0.812197 0.155994 1.02349 -0.0435002 0.503681 
0.341476 -0.304146 0.833705 0.160767 1.04783 -0.0313391 0.524722 
0.372643 -0.294065 0.854985 0.165637 1.0718 -0.0191977 0.545656 
0.403804 -0.28364 0.876023 0.1706 1.09541 -0.00708817 0.56647 
0.434935 -0.272881 0.896805 0.175654 1.11861 0.00497747 0.587151 
0.466013 -0.261799 0.917317 0.180798 1.1414 0.0169872 0.607688 
0.497013 -0.250406 0.937546 0.186029 1.16375 0.0289289 0.628067 
0.527912 -0.238712 0.957476 0.191345 1.18565 0.040791 0.648276 
0.558685 -0.226728 0.977096 0.196743 1.20707 0.0525615 0.668302 
0.589308 -0.214467 0.99639 0.20222 1.228 0.0642289 0.688134 
0.619759 -0.201941 1.01535 0.207774 1.24843 0.0757818 0.707758 
0.650012 -0.189161 1.03395 0.213402 1.26833 0.0872087 0.727162 
0.680046 -0.176139 1.05219 0.219101 1.28768 0.0984986 0.746334 
0.709836 -0.162889 1.07006 0.224868 1.30648 0.10964 0.765262 
0.739359 -0.149423 1.08753 0.2307 1.3247 0.120623 0.783935 
0.768593 -0.135754 1.10461 0.236594 1.34233 0.131436 0.80234 
0.797515 -0.121894 1.12127 0.242546 1.35935 0.142068 0.820466 
0.826102 -0.107858 1.1375 0.248554 1.37575 0.15251 0.838301 
0.854332 -0.093658 1.1533 0.254612 1.39152 0.162752 0.855834 
0.882183 -0.0793076 1.16864 0.26072 1.40663 0.172782 0.873053 
0.909634 -0.0648205 1.18353 0.266871 1.42108 0.182593 0.889949 
0.936663 -0.0502102 1.19795 0.273064 1.43485 0.192173 0.906509 
0.96325 -0.0354905 1.21189 0.279293 1.44793 0.201515 0.922724 
0.989373 -0.0206751 1.22533 0.285556 1.46031 0.210608 0.938584 
1.01501 -0.00577778 1.23828 0.291849 1.47198 0.219445 0.954077 
1.04015 0.00918749 1.25071 0.298167 1.48292 0.228016 0.969194 
1.06476 0.0242068 1.26262 0.304506 1.49313 0.236314 0.983925 
1.08883 0.0392663 1.274 0.310864 1.50259 0.24433 0.998261 
1.11234 0.0543519 1.28485 0.317235 1.51129 0.252057 1.01219 
1.13527 0.0694497 1.29515 0.323615 1.51924 0.259488 1.02571 
1.1576 0.0845459 1.30489 0.33 1.52641 0.266614 1.03881 
1.17932 0.0996264 1.31408 0.336387 1.5328 0.27343 1.05147 
1.20041 0.114677 1.32269 0.34277 1.53841 0.279929 1.0637 
1.22085 0.129685 1.33073 0.349146 1.54322 0.286104 1.07548 
1.24063 0.144636 1.33818 0.355511 1.54724 0.29195 1.08681 
1.25973 0.159516 1.34505 0.361859 1.55045 0.297461 1.09768 
1.27814 0.174311 1.35132 0.368188 1.55285 0.302631 1.10807 
1.29584 0.189009 1.357 0.374492 1.55445 0.307456 1.118 
1.31282 0.203595 1.36206 0.380767 1.55522 0.31193 1.12744 
1.32906 0.218057 1.36652 0.387009 1.55518 0.316051 1.1364 
1.34456 0.232381 1.37037 0.393213 1.55431 0.319812 1.14486 
1.3593 0.246554 1.3736 0.399376 1.55262 0.323211 1.15282 
1.37327 0.260564 1.37621 0.405492 1.55011 0.326245 1.16029 
1.38646 0.274398 1.37819 0.411558 1.54678 0.328909 1.16724 
1.39887 0.288043 1.37955 0.417569 1.54262 0.331202 1.17368 
1.41047 0.301487 1.38029 0.423522 1.53764 0.333121 1.17961 
1.42126 0.314717 1.38039 0.429411 1.53184 0.334664 1.18502 
1.43123 0.327723 1.37986 0.435232 1.52522 0.335829 1.1899 
1.44038 0.340492 1.3787 0.440982 1.51778 0.336615 1.19426 
1.4487 0.353012 1.37691 0.446656 1.50953 0.337021 1.1981 
1.45618 0.365274 1.37449 0.452251 1.50048 0.337046 1.2014 
1.46282 0.377264 1.37143 0.457761 1.49062 0.336689 1.20417 
1.46861 0.388973 1.36775 0.463183 1.47996 0.33595 1.20641 
1.47355 0.400391 1.36344 0.468514 1.46851 0.334831 1.20811 
1.47763 0.411507 1.3585 0.473748 1.45627 0.33333 1.20928 
1.48085 0.422311 1.35293 0.478883 1.44325 0.33145 1.20991 
1.48322 0.432794 1.34674 0.483914 1.42946 0.329192 1.21001 
1.48472 0.442945 1.33993 0.488838 1.41491 0.326556 1.20957 
1.48535 0.452758 1.33251 0.49365 1.3996 0.323546 1.2086 
1.48512 0.462221 1.32448 0.498349 1.38355 0.320163 1.20709 
1.48403 0.471328 1.31583 0.502929 1.36676 0.316409 1.20506 
1.48207 0.48007 1.30659 0.507387 1.34925 0.312288 1.2025 
1.47926 0.488439 1.29674 0.511721 1.33103 0.307803 1.1994 
1.47558 0.496428 1.28631 0.515926 1.3121 0.302957 1.19579 
1.47105 0.50403 1.27528 0.52 1.29248 0.297754 1.19165 
1.46567 0.511238 1.26368 0.523939 1.27219 0.292197 1.187 
1.45944 0.518046 1.2515 0.527741 1.25123 0.286293 1.18183 
1.45237 0.524448 1.23876 0.531402 1.22962 0.280044 1.17615 
1.44446 0.530438 1.22546 0.53492 1.20737 0.273456 1.16997 
1.43572 0.536011 1.21161 0.538292 1.1845 0.266534 1.16328 
1.42616 0.541162 1.19721 0.541515 1.16103 0.259284 1.1561 
1.41578 0.545887 1.18228 0.544587 1.13696 0.251711 1.14843 
1.40459 0.550181 1.16683 0.547505 1.11231 0.243821 1.14027 
1.3926 0.554041 1.15086 0.550268 1.08711 0.235621 1.13164 
1.37983 0.557464 1.13438 0.552872 1.06136 0.227116 1.12253 
1.36627 0.560445 1.11741 0.555316 1.03509 0.218315 1.11296 
1.35194 0.562983 1.09995 0.557598 1.0083 0.209223 1.10293 
1.33685 0.565076 1.08202 0.559716 0.98103 0.199848 1.09245 
1.32101 0.566722 1.06362 0.561669 0.953283 0.190198 1.08153 
1.30444 0.567919 1.04477 0.563454 0.925082 0.180279 1.07017 
1.28715 0.568666 1.02548 0.56507 0.896444 0.1701 1.05838 
1.26915 0.568963 1.00576 0.566516 0.86739 0.159669 1.04618 
1.25045 0.568809 0.985624 0.567791 0.837938 0.148994 1.03356 
1.23107 0.568204 0.96508 0.568893 0.808108 0.138083 1.02055 
1.21102 0.56715 0.944145 0.569821 0.77792 0.126945 1.00714 
1.19031 0.565646 0.922829 0.570576 0.747393 0.115588 0.99335 
1.16898 0.563695 0.901147 0.571155 0.716548 0.104022 0.979189 
1.14702 0.561297 0.879113 0.571559 0.685406 0.0922559 0.964666 
1.12445 0.558455 0.856738 0.571786 0.653986 0.0802982 0.949792 
1.1013 0.555172 0.834038 0.571837 0.62231 0.0681585 0.934576 
1.07758 0.55145 0.811027 0.571711 0.590399 0.0558462 0.91903 
1.05331 0.547292 0.787717 0.571409 0.558273 0.0433708 0.903164 
1.0285 0.542701 0.764125 0.57093 0.525954 0.030742 0.886989 
1.00317 0.537683 0.740264 0.570274 0.493463 0.0179694 0.870516 
0.977347 0.53224 0.716149 0.569442 0.460821 0.00506297 0.853757 
0.951043 0.526378 0.691794 0.568434 0.428049 -0.00796748 0.836724 
0.924279 0.520101 0.667215 0.567251 0.395169 -0.021112 0.819428 
0.897075 0.513415 0.642427 0.565894 0.362202 -0.0343605 0.801881 
0.869451 0.506326 0.617445 0.564362 0.32917 -0.047703 0.784095 
0.841425 0.498839 0.592284 0.562658 0.296093 -0.0611294 0.766082 
0.813019 0.49096 0.566959 0.560783 0.262994 -0.0746295 0.747854 
0.784253 0.482697 0.541486 0.558737 0.229894 -0.0881931 0.729424 
0.755147 0.474056 0.51588 0.556521 0.196813 -0.10181 0.710804 
0.725723 0.465044 0.490157 0.554138 0.163773 -0.11547 0.692006 
0.696001 0.455669 0.464332 0.551589 0.130795 -0.129164 0.673043 
0.666002 0.445938 0.43842 0.548875 0.0978993 -0.14288 0.653928 
0.635748 0.43586 0.412438 0.545999 0.0651073 -0.156608 0.634674 
0.60526 0.425444 0.386401 0.542962 0.0324393 -0.17034 0.615292 
0.574559 0.414697 0.360325 0.539766 -8.41814e-05 -0.184064 0.595796 
0.543666 0.403628 0.334224 0.536414 -0.0324429 -0.19777 0.576198 
0.512604 0.392247 0.308115 0.532907 -0.064617 -0.211449 0.556512 
0.481394 0.380563 0.282012 0.529249 -0.0965864 -0.22509 0.53675 
0.450058 0.368586 0.255932 0.525441 -0.128332 -0.238685 0.516924 
0.418616 0.356325 0.229889 0.521486 -0.159834 -0.252222 0.497048 
0.38709 0.34379 0.203899 0.517387 -0.191073 -0.265692 0.477134 
0.355503 0.330992 0.177977 0.513146 -0.222031 -0.279087 0.457195 
0.323875 0.317941 0.152137 0.508767 -0.25269 -0.292396 0.437243 
0.292227 0.304647 0.126396 0.504253 -0.28303 -0.305609 0.417292 
0.260582 0.291122 0.100766 0.499605 -0.313035 -0.318719 0.397352 
0.228959 0.277376 0.0752643 0.494829 -0.342686 -0.331715 0.377437 
0.197381 0.26342 0.0499038 0.489926 -0.371967 -0.344589 0.357559 
0.165868 0.249265 0.0246991 0.484901 -0.400861 -0.357332 0.337731 
0.13444 0.234923 -0.000335506 0.479756 -0.429351 -0.369935 0.317964 
0.103118 0.220406 -0.0251862 0.474495 -0.457421 -0.382389 0.29827 
0.0719233 0.205724 -0.0498391 0.469121 -0.485057 -0.394687 0.278661 
0.0408748 0.190889 -0.0742808 0.463639 -0.512241 -0.40682 0.259148 
0.00999284 0.175914 -0.0984978 0.458052 -0.538961 -0.41878 0.239744 
-0.020703 0.16081 -0.122477 0.452363 -0.5652 -0.43056 0.22046 
-0.0511934 0.145588 -0.146206 0.446576 -0.590946 -0.442151 0.201306 
-0.0814591 0.130261 -0.169671 0.440696 -0.616185 -0.453547 0.182295 
-0.111481 0.114841 -0.192861 0.434726 -0.640904 -0.464739 0.163436 
-0.141242 0.0993399 -0.215763 0.42867 -0.665091 -0.475721 0.14474 
-0.170722 0.0837692 -0.238365 0.422532 -0.688732 -0.486487 0.126218 
-0.199904 0.0681414 -0.260656 0.416317 -0.711818 -0.497029 0.107881 
-0.22877 0.0524683 -0.282624 0.410027 -0.734336 -0.50734 0.0897377 
-0.257304 0.0367621 -0.304259 0.403668 -0.756277 -0.517416 0.0717985 
-0.285488 0.0210347 -0.325549 0.397243 -0.777629 -0.52725 0.0540729 
-0.313307 0.0052981 -0.346485 0.390757 -0.798385 -0.536836 0.0365704 
-0.340743 -0.0104358 -0.367056 0.384214 -0.818533 -0.546168 0.0193 
-0.367781 -0.0261551 -0.387252 0.377618 -0.838067 -0.555242 0.0022707 
-0.394407 -0.041848 -0.407064 0.370973 -0.856978 -0.564053 -0.0145089 
-0.420605 -0.0575028 -0.426483 0.364283 -0.875258 -0.572595 -0.0310304 
-0.446361 -0.0731078 -0.445499 0.357554 -0.892902 -0.580864 -0.0472858 
-0.471661 -0.0886515 -0.464106 0.350788 -0.909901 -0.588856 -0.0632671 
-0.496492 -0.104122 -0.482294 0.343991 -0.926251 -0.596567 -0.0789667 
-0.52084 -0.119509 -0.500055 0.337166 -0.941947 -0.603992 -0.0943774 
-0.544694 -0.134801 -0.517383 0.330319 -0.956983 -0.61113 -0.109492 
-0.568041 -0.149986 -0.53427 0.323452 -0.971355 -0.617975 -0.124304 
-0.590869 -0.165054 -0.55071 0.31657 -0.985061 -0.624526 -0.138807 
-0.613167 -0.179994 -0.566696 0.309678 -0.998096 -0.630779 -0.152995 
-0.634926 -0.194795 -0.582222 0.302779 -1.01046 -0.636732 -0.166862 
-0.656134 -0.209447 -0.597283 0.295879 -1.02215 -0.642382 -0.180402 
-0.676783 -0.22394 -0.611874 0.28898 -1.03316 -0.647729 -0.19361 
-0.696863 -0.238263 -0.62599 0.282087 -1.04349 -0.652769 -0.206481 
-0.716366 -0.252407 -0.639627 0.275205 -1.05315 -0.657502 -0.219011 
-0.735283 -0.266362 -0.652779 0.268336 -1.06213 -0.661927 -0.231195 
-0.753608 -0.280118 -0.665445 0.261486 -1.07043 -0.666042 -0.243029 
-0.771333 -0.293667 -0.67762 0.254657 -1.07806 -0.669846 -0.254509 
-0.788452 -0.306999 -0.689302 0.247855 -1.08501 -0.67334 -0.265633 
-0.80496 -0.320106 -0.700488 0.241082 -1.09129 -0.676523 -0.276397 
-0.82085 -0.332978 -0.711176 0.234342 -1.09691 -0.679394 -0.286798 
-0.836118 -0.345608 -0.721364 0.22764 -1.10186 -0.681956 -0.296834 
-0.85076 -0.357988 -0.731051 0.220979 -1.10614 -0.684207 -0.306503 
-0.864772 -0.37011 -0.740237 0.214362 -1.10977 -0.68615 -0.315803 
-0.878151 -0.381966 -0.74892 0.207794 -1.11275 -0.687784 -0.324732 
-0.890894 -0.393548 -0.7571 0.201276 -1.11508 -0.689111 -0.333289 
-0.902999 -0.404852 -0.764778 0.194814 -1.11678 -0.690133 -0.341474 
-0.914465 -0.415868 -0.771953 0.18841 -1.11783 -0.690852 -0.349286 
-0.92529 -0.426592 -0.778628 0.182067 -1.11826 -0.691269 -0.356724 
-0.935474 -0.437016 -0.784803 0.175788 -1.11807 -0.691386 -0.363789 
-0.945017 -0.447136 -0.79048 0.169577 -1.11726 -0.691207 -0.370481 
-0.95392 -0.456945 -0.79566 0.163437 -1.11585 -0.690734 -0.3768 
-0.962183 -0.466438 -0.800347 0.15737 -1.11384 -0.689969 -0.382748 
-0.969808 -0.475611 -0.804543 0.15138 -1.11124 -0.688916 -0.388326 
-0.976797 -0.484459 -0.808252 0.145468 -1.10807 -0.687578 -0.393536 
-0.983153 -0.492977 -0.811475 0.139638 -1.10433 -0.685959 -0.398378 
-0.988879 -0.501162 -0.814219 0.133892 -1.10002 -0.684062 -0.402856 
-0.993978 -0.50901 -0.816485 0.128232 -1.09517 -0.681891 -0.406972 
-0.998454 -0.516517 -0.818279 0.122661 -1.08978 -0.67945 -0.410728 
-1.00231 -0.523681 -0.819606 0.117182 -1.08387 -0.676744 -0.414128 
-1.00556 -0.530499 -0.820471 0.111795 -1.07743 -0.673776 -0.417174 
-1.00819 -0.536968 -0.820878 0.106504 -1.0705 -0.670552 -0.41987 
-1.01023 -0.543086 -0.820835 0.10131 -1.06307 -0.667076 -0.42222 
-1.01167 -0.548852 -0.820346 0.0962144 -1.05516 -0.663353 -0.424228 
-1.01252 -0.554263 -0.819417 0.0912197 -1.04679 -0.659389 -0.425898 
-1.01278 -0.55932 -0.818057 0.0863271 -1.03796 -0.655188 -0.427234 
-1.01248 -0.564021 -0.81627 0.0815383 -1.0287 -0.650755 -0.428241 
-1.0116 -0.568366 -0.814065 0.0768545 -1.019 -0.646097 -0.428924 
-1.01017 -0.572354 -0.811448 0.072277 -1.00889 -0.641219 -0.429289 
-1.00819 -0.575986 -0.808428 0.0678071 -0.998383 -0.636126 -0.42934 
-1.00567 -0.579262 -0.805011 0.0634456 -0.987487 -0.630825 -0.429082 
-1.00262 -0.582182 -0.801207 0.0591937 -0.97622 -0.625321 -0.428523 
-0.999044 -0.584749 -0.797023 0.055052 -0.964594 -0.619621 -0.427667 
-0.994959 -0.586963 -0.792468 0.0510214 -0.952626 -0.61373 -0.426522 
-0.990373 -0.588825 -0.78755 0.0471025 -0.940328 -0.607656 -0.425092 
-0.985298 -0.590339 -0.782279 0.0432957 -0.927717 -0.601403 -0.423385 
-0.979743 -0.591506 -0.776663 0.0396014 -0.914806 -0.594979 -0.421407 
-0.973721 -0.592328 -0.770711 0.0360199 -0.90161 -0.588391 -0.419165 
-0.967242 -0.592809 -0.764434 0.0325515 -0.888145 -0.581643 -0.416666 
-0.96032 -0.592951 -0.757841 0.0291961 -0.874426 -0.574744 -0.413917 
-0.952964 -0.592759 -0.75094 0.0259538 -0.860467 -0.5677 -0.410925 
-0.945189 -0.592235 -0.743743 0.0228243 -0.846284 -0.560518 -0.407697 
-0.937007 -0.591383 -0.73626 0.0198075 -0.831891 -0.553204 -0.404242 
-0.928429 -0.590209 -0.728499 0.016903 -0.817305 -0.545764 -0.400566 
-0.91947 -0.588715 -0.720472 0.0141103 -0.802539 -0.538207 -0.396677 
-0.910141 -0.586907 -0.712189 0.011429 -0.787609 -0.530538 -0.392582 
-0.900457 -0.58479 -0.70366 0.00885826 -0.77253 -0.522764 -0.38829 
-0.890431 -0.582369 -0.694896 0.00639746 -0.757317 -0.514893 -0.383809 
-0.880075 -0.579649 -0.685907 0.00404572 -0.741984 -0.506931 -0.379146 
-0.869405 -0.576636 -0.676703 0.00180211 -0.726547 -0.498884 -0.374309 
-0.858433 -0.573336 -0.667296 -0.000334401 -0.71102 -0.490759 -0.369306 
-0.847173 -0.569754 -0.657696 -0.00236492 -0.695418 -0.482564 -0.364146 
-0.835639 -0.565897 -0.647914 -0.00429066 -0.679755 -0.474305 -0.358836 
-0.823845 -0.561771 -0.63796 -0.00611291 -0.664045 -0.465988 -0.353385 
-0.811805 -0.557384 -0.627846 -0.00783304 -0.648303 -0.457621 -0.3478 
-0.799532 -0.552741 -0.617581 -0.0094525 -0.632542 -0.449209 -0.34209 
-0.787042 -0.547849 -0.607177 -0.0109728 -0.616777 -0.44076 -0.336263 
-0.774348 -0.542716 -0.596645 -0.0123956 -0.60102 -0.432279 -0.330327 
-0.761463 -0.537349 -0.585994 -0.0137226 -0.585286 -0.423774 -0.32429 
-0.748402 -0.531756 -0.575236 -0.0149555 -0.569587 -0.41525 -0.31816 
-0.73518 -0.525943 -0.564381 -0.0160961 -0.553937 -0.406714 -0.311945 
-0.721808 -0.519919 -0.553439 -0.0171463 -0.538347 -0.398172 -0.305654 
-0.708303 -0.513691 -0.542422 -0.0181081 -0.522831 -0.389629 -0.299293 
-0.694676 -0.507268 -0.531339 -0.0189835 -0.507401 -0.381093 -0.292871 
-0.680942 -0.500656 -0.5202 -0.0197746 -0.492069 -0.372569 -0.286395 
-0.667115 -0.493865 -0.509016 -0.0204834 -0.476846 -0.364062 -0.279874 
-0.653208 -0.486902 -0.497797 -0.0211121 -0.461743 -0.355579 -0.273315 
-0.639233 -0.479776 -0.486553 -0.021663 -0.446773 -0.347125 -0.266725 
-0.625205 -0.472495 -0.475293 -0.0221383 -0.431944 -0.338705 -0.260112 
-0.611137 -0.465067 -0.464027 -0.0225404 -0.417269 -0.330325 -0.253483 
-0.59704 -0.457501 -0.452765 -0.0228715 -0.402757 -0.32199 -0.246846 
-0.582928 -0.449806 -0.441516 -0.023134 -0.388417 -0.313705 -0.240206 
-0.568813 -0.441988 -0.430289 -0.0233304 -0.37426 -0.305476 -0.233573 
-0.554708 -0.434058 -0.419093 -0.0234631 -0.360294 -0.297306 -0.226951 
-0.540624 -0.426024 -0.407938 -0.0235346 -0.346528 -0.289201 -0.220349 
-0.526574 -0.417894 -0.396831 -0.0235473 -0.332971 -0.281165 -0.213772 
-0.512568 -0.409676 -0.385782 -0.0235037 -0.31963 -0.273203 -0.207226 
-0.498619 -0.40138 -0.374799 -0.0234064 -0.306513 -0.265319 -0.200719 
-0.484738 -0.393013 -0.363889 -0.0232579 -0.293628 -0.257517 -0.194256 
-0.470935 -0.384584 -0.353061 -0.0230607 -0.280981 -0.249801 -0.187843 
-0.457221 -0.376102 -0.342322 -0.0228173 -0.268578 -0.242175 -0.181486 
-0.443606 -0.367575 -0.331681 -0.0225304 -0.256427 -0.234642 -0.17519 
-0.430101 -0.359011 -0.321143 -0.0222024 -0.244532 -0.227207 -0.168962 
-0.416715 -0.350418 -0.310717 -0.0218358 -0.232899 -0.219872 -0.162805 
-0.403457 -0.341805 -0.300409 -0.0214333 -0.221533 -0.212641 -0.156725 
-0.390337 -0.333179 -0.290225 -0.0209973 -0.210439 -0.205517 -0.150727 
-0.377364 -0.324549 -0.280172 -0.0205303 -0.19962 -0.198502 -0.144815 
-0.364546 -0.315922 -0.270256 -0.0200348 -0.189081 -0.1916 -0.138994 
-0.351892 -0.307307 -0.260483 -0.0195132 -0.178824 -0.184813 -0.133268 
-0.339409 -0.298711 -0.250859 -0.018968 -0.168853 -0.178144 -0.127642 
-0.327104 -0.290141 -0.241387 -0.0184016 -0.159171 -0.171594 -0.122118 
-0.314986 -0.281604 -0.232075 -0.0178163 -0.149779 -0.165166 -0.116701 
-0.303061 -0.27311 -0.222926 -0.0172145 -0.140679 -0.158862 -0.111394 
-0.291335 -0.264663 -0.213945 -0.0165985 -0.131872 -0.152683 -0.1062 
-0.279815 -0.256272 -0.205137 -0.0159705 -0.123361 -0.146631 -0.101122 
-0.268506 -0.247943 -0.196504 -0.0153328 -0.115144 -0.140708 -0.0961629 
-0.257415 -0.239683 -0.188052 -0.0146874 -0.107222 -0.134916 -0.0913251 
-0.246546 -0.231498 -0.179783 -0.0140366 -0.099596 -0.129254 -0.0866109 
-0.235904 -0.223395 -0.171701 -0.0133824 -0.0922643 -0.123724 -0.0820225 
-0.225493 -0.21538 -0.163808 -0.0127267 -0.0852261 -0.118327 -0.0775617 
-0.215318 -0.207459 -0.156107 -0.0120716 -0.0784802 -0.113064 -0.0732302 
-0.205381 -0.199638 -0.1486 -0.0114188 -0.072025 -0.107935 -0.0690293 
-0.195688 -0.191922 -0.141291 -0.0107703 -0.0658582 -0.10294 -0.0649603 
-0.18624 -0.184317 -0.134179 -0.0101279 -0.0599777 -0.0980801 -0.0610243 
-0.17704 -0.176828 -0.127267 -0.00949304 -0.0543805 -0.0933552 -0.0572218 
-0.168091 -0.16946 -0.120557 -0.00886752 -0.0490636 -0.0887651 -0.0535536 
-0.159394 -0.162218 -0.114048 -0.00825284 -0.0440236 -0.0843096 -0.05002 
-0.150951 -0.155106 -0.107742 -0.00765047 -0.0392566 -0.0799885 -0.046621 
-0.142763 -0.148129 -0.10164 -0.00706181 -0.0347587 -0.0758013 -0.0433566 
-0.134831 -0.141291 -0.0957408 -0.00648815 -0.0305253 -0.0717474 -0.0402265 
-0.127156 -0.134595 -0.090045 -0.00593074 -0.0265518 -0.0678261 -0.0372302 
-0.119738 -0.128047 -0.0845522 -0.00539072 -0.0228333 -0.0640365 -0.034367 
-0.112576 -0.121648 -0.0792617 -0.00486916 -0.0193642 -0.0603778 -0.031636 
-0.105671 -0.115403 -0.0741728 -0.00436703 -0.0161392 -0.0568489 -0.029036 
-0.0990208 -0.109314 -0.0692842 -0.00388524 -0.0131524 -0.0534485 -0.0265658 
-0.0926249 -0.103384 -0.0645947 -0.00342457 -0.0103975 -0.0501754 -0.0242239 
-0.0864818 -0.0976152 -0.0601027 -0.00298574 -0.00786834 -0.0470282 -0.0220085 
-0.0805897 -0.0920107 -0.0558063 -0.00256937 -0.00555823 -0.0440054 -0.0199178 
-0.0749466 -0.0865723 -0.0517035 -0.00217599 -0.00346034 -0.0411055 -0.0179498 
-0.0695501 -0.0813018 -0.0477919 -0.00180604 -0.0015676 -0.0383266 -0.0161022 
-0.0643975 -0.0762006 -0.0440691 -0.00145984 0.000127243 -0.0356671 -0.0143727 
-0.0594859 -0.0712703 -0.0405322 -0.00113766 0.00163167 -0.0331251 -0.0127585 
-0.054812 -0.066512 -0.0371784 -0.000839644 0.00295335 -0.0306986 -0.0112571 
-0.0503724 -0.0619264 -0.0340044 -0.00056584 0.00410011 -0.0283857 -0.00986556 
-0.0461633 -0.0575143 -0.031007 -0.000316208 0.00507995 -0.0261842 -0.00858076 
-0.0421805 -0.0532761 -0.0281824 -9.06115e-05 0.00590104 -0.024092 -0.00739955 
-0.03842 -0.049212 -0.0255271 0.000111186 0.00657167 -0.0221069 -0.0063186 
-0.0348771 -0.0453219 -0.0230369 0.000289517 0.00710028 -0.0202266 -0.00533444 
-0.0315472 -0.0416055 -0.0207079 0.00044481 0.00749543 -0.0184488 -0.00444347 
-0.0284251 -0.0380624 -0.0185357 0.000577591 0.00776576 -0.0167711 -0.00364196 
-0.0255059 -0.0346918 -0.0165158 0.000688482 0.00792003 -0.0151911 -0.00292608 
-0.022784 -0.0314927 -0.0146437 0.0007782 0.00796708 -0.0137064 -0.00229186 
-0.0202539 -0.028464 -0.0129146 0.000847559 0.00791582 -0.0123144 -0.00173524 
-0.0179098 -0.0256043 -0.0113236 0.000897467 0.0077752 -0.0110127 -0.00125206 
-0.0157458 -0.022912 -0.00986559 0.000928925 0.00755425 -0.00979871 -0.000838064 
-0.0137557 -0.0203852 -0.00853545 0.000943027 0.00726201 -0.00866984 -0.000488911 
-0.0119334 -0.018022 -0.00732788 0.000940962 0.00690754 -0.00762355 -0.000200176 
-0.0102723 -0.0158201 -0.00623748 0.000924006 0.00649991 -0.00665724 3.2639e-05 
-0.00876602 -0.0137771 -0.00525873 0.000893527 0.00604821 -0.00576834 0.000214097 
-0.00740778 -0.0118904 -0.00438603 0.000850981 0.00556148 -0.00495425 0.000348821 
-0.00619083 -0.0101571 -0.00361368 0.000797911 0.00504876 -0.0042124 0.000441489 
-0.00510829 -0.00857436 -0.0029359 0.000735945 0.00451903 -0.0035402 0.000496825 
-0.00415317 -0.00713891 -0.00234683 0.000666796 0.00398124 -0.00293509 0.000519589 
-0.00331842 -0.00584743 -0.00184057 0.000592257 0.00344425 -0.00239452 0.000514578 
-0.00259689 -0.00469642 -0.00141114 0.000514203 0.00291686 -0.00191599 0.00048661 
-0.00198141 -0.0036822 -0.00105251 0.000434586 0.00240779 -0.00149699 0.000440523 
-0.00146473 -0.00280094 -0.000758621 0.000355435 0.00192565 -0.00113506 0.000381167 
-0.00103956 -0.00204866 -0.000523382 0.000278854 0.00147893 -0.000827773 0.000313393 
-0.000698609 -0.00142123 -0.000340672 0.000207015 0.00107601 -0.00057274 0.000242052 
-0.000434544 -0.000914387 -0.000204356 0.000142164 0.000725151 -0.000367617 0.000171983 
-0.000240037 -0.00052373 -0.000108293 8.66111e-05 0.000434444 -0.000210107 0.000108008 
-0.000107765 -0.000244738 -4.63417e-05 4.27315e-05 0.000211838 -9.79647e-05 5.4927e-05 
-3.04178e-05 -7.27657e-05 -1.23708e-05 1.29624e-05 6.51183e-05 -2.90013e-05 1.75063e-05 
-7.13236e-07 -3.05833e-06 -2.66233e-07 -1.99864e-07 1.89048e-06 -1.08563e-06 4.75811e-07 
