-7.10543e-15 -39.2735 -6.19787 -11.6963 2.14567 -0.715413 -0.0289979 
-0.0115329 -39.2957 -6.20065 -11.7049 2.14757 -0.716311 -0.0287716 
-0.0232816 -39.3217 -6.20383 -11.7151 2.14982 -0.717378 -0.0284878 
-0.0322296 -39.3458 -6.20672 -11.7245 2.15196 -0.718396 -0.0282003 
-0.0384057 -39.368 -6.20931 -11.7332 2.15399 -0.719362 -0.0279093 
-0.0418426 -39.3883 -6.21161 -11.7412 2.1559 -0.720277 -0.0276153 
-0.0425768 -39.4067 -6.2136 -11.7484 2.15769 -0.721137 -0.0273187 
-0.0406487 -39.4232 -6.2153 -11.7549 2.15936 -0.721944 -0.0270197 
-0.0361026 -39.4377 -6.21669 -11.7607 2.1609 -0.722694 -0.0267188 
-0.0289865 -39.4502 -6.21778 -11.7656 2.16232 -0.723389 -0.0264164 
-0.0193521 -39.4606 -6.21856 -11.7699 2.1636 -0.724026 -0.0261128 
-0.00725474 -39.4691 -6.21903 -11.7733 2.16476 -0.724604 -0.0258084 
0.00724679 -39.4756 -6.2192 -11.776 2.16578 -0.725124 -0.0255036 
0.0240902 -39.48 -6.21907 -11.7779 2.16666 -0.725584 -0.0251987 
0.0432098 -39.4824 -6.21863 -11.779 2.16741 -0.725983 -0.0248942 
0.0645367 -39.4828 -6.21789 -11.7793 2.16803 -0.726322 -0.0245904 
0.0879989 -39.4811 -6.21685 -11.7788 2.1685 -0.726599 -0.0242876 
0.113521 -39.4775 -6.21551 -11.7775 2.16884 -0.726813 -0.0239863 
0.141026 -39.4717 -6.21388 -11.7755 2.16903 -0.726965 -0.0236868 
0.170433 -39.464 -6.21195 -11.7727 2.16908 -0.727054 -0.0233895 
0.201657 -39.4543 -6.20973 -11.769 2.16899 -0.72708 -0.0230948 
0.234614 -39.4426 -6.20723 -11.7646 2.16876 -0.727042 -0.022803 
0.269215 -39.429 -6.20444 -11.7595 2.16839 -0.72694 -0.0225145 
0.30537 -39.4134 -6.20138 -11.7535 2.16787 -0.726773 -0.0222296 
0.342985 -39.3959 -6.19804 -11.7468 2.16722 -0.726542 -0.0219488 
0.381967 -39.3764 -6.19443 -11.7394 2.16641 -0.726246 -0.0216723 
0.422219 -39.3552 -6.19056 -11.7312 2.16547 -0.725886 -0.0214006 
0.463643 -39.3321 -6.18643 -11.7222 2.16439 -0.72546 -0.0211339 
0.50614 -39.3071 -6.18205 -11.7126 2.16316 -0.72497 -0.0208727 
0.549609 -39.2805 -6.17743 -11.7022 2.16179 -0.724415 -0.0206172 
0.593949 -39.252 -6.17256 -11.6911 2.16028 -0.723795 -0.0203678 
0.639055 -39.2219 -6.16746 -11.6794 2.15863 -0.72311 -0.0201248 
0.684826 -39.1902 -6.16213 -11.6669 2.15685 -0.72236 -0.0198886 
0.731157 -39.1568 -6.15658 -11.6538 2.15492 -0.721546 -0.0196595 
0.777942 -39.1219 -6.15082 -11.6401 2.15286 -0.720668 -0.0194377 
0.825078 -39.0855 -6.14485 -11.6257 2.15066 -0.719725 -0.0192236 
0.87246 -39.0476 -6.13869 -11.6108 2.14833 -0.718719 -0.0190174 
0.919982 -39.0084 -6.13234 -11.5952 2.14586 -0.717649 -0.0188195 
0.967539 -38.9678 -6.1258 -11.5791 2.14326 -0.716516 -0.0186301 
1.01503 -38.9259 -6.11909 -11.5624 2.14052 -0.71532 -0.0184494 
1.06234 -38.8827 -6.11221 -11.5451 2.13766 -0.714062 -0.0182777 
1.10939 -38.8384 -6.10518 -11.5274 2.13467 -0.712743 -0.0181152 
1.15605 -38.793 -6.098 -11.5091 2.13155 -0.711362 -0.0179621 
1.20224 -38.7465 -6.09068 -11.4904 2.12831 -0.70992 -0.0178186 
1.24784 -38.6991 -6.08322 -11.4712 2.12494 -0.708419 -0.0176848 
1.29277 -38.6507 -6.07565 -11.4516 2.12145 -0.706859 -0.017561 
1.33693 -38.6015 -6.06796 -11.4316 2.11784 -0.70524 -0.0174472 
1.38021 -38.5515 -6.06016 -11.4112 2.11411 -0.703563 -0.0173434 
1.42254 -38.5008 -6.05227 -11.3905 2.11026 -0.70183 -0.0172499 
1.4638 -38.4495 -6.04429 -11.3694 2.1063 -0.700042 -0.0171667 
1.50392 -38.3976 -6.03624 -11.348 2.10222 -0.698198 -0.0170937 
1.54281 -38.3453 -6.02811 -11.3264 2.09803 -0.696301 -0.017031 
1.58038 -38.2925 -6.01993 -11.3044 2.09373 -0.694352 -0.0169785 
1.61654 -38.2393 -6.01169 -11.2823 2.08932 -0.692352 -0.0169361 
1.65122 -38.1859 -6.00341 -11.2599 2.08481 -0.690302 -0.0169039 
1.68434 -38.1324 -5.9951 -11.2374 2.08019 -0.688203 -0.0168815 
1.71582 -38.0786 -5.98677 -11.2147 2.07548 -0.686058 -0.0168689 
1.74558 -38.0249 -5.97842 -11.1919 2.07066 -0.683867 -0.0168659 
1.77356 -37.9712 -5.97007 -11.169 2.06574 -0.681632 -0.0168722 
1.79969 -37.9176 -5.96172 -11.146 2.06073 -0.679355 -0.0168875 
1.82389 -37.8642 -5.95338 -11.123 2.05563 -0.677038 -0.0169116 
1.84611 -37.8111 -5.94506 -11.0999 2.05043 -0.674682 -0.0169441 
1.86629 -37.7583 -5.93678 -11.0769 2.04515 -0.67229 -0.0169846 
1.88436 -37.7059 -5.92853 -11.0539 2.03978 -0.669863 -0.0170327 
1.90028 -37.6541 -5.92033 -11.031 2.03432 -0.667404 -0.0170881 
1.91398 -37.6028 -5.91218 -11.0082 2.02879 -0.664914 -0.0171501 
1.92543 -37.5521 -5.9041 -10.9855 2.02318 -0.662396 -0.0172182 
1.93456 -37.5022 -5.89609 -10.963 2.01749 -0.659851 -0.0172921 
1.94134 -37.453 -5.88817 -10.9406 2.01172 -0.657283 -0.017371 
1.94573 -37.4047 -5.88033 -10.9185 2.00588 -0.654694 -0.0174544 
1.94769 -37.3574 -5.87259 -10.8966 1.99998 -0.652086 -0.0175416 
1.94717 -37.311 -5.86495 -10.8749 1.99401 -0.649461 -0.0176321 
1.94415 -37.2657 -5.85742 -10.8536 1.98797 -0.646822 -0.0177252 
1.93859 -37.2216 -5.85002 -10.8325 1.98187 -0.644172 -0.0178202 
1.93046 -37.1786 -5.84274 -10.8118 1.97572 -0.641512 -0.0179164 
1.91974 -37.1369 -5.8356 -10.7914 1.9695 -0.638847 -0.0180132 
1.9064 -37.0966 -5.8286 -10.7714 1.96323 -0.636177 -0.0181099 
1.89042 -37.0576 -5.82176 -10.7518 1.95691 -0.633507 -0.0182058 
1.87179 -37.0201 -5.81506 -10.7327 1.95054 -0.630837 -0.0183003 
1.85047 -36.9841 -5.80854 -10.714 1.94413 -0.628172 -0.0183927 
1.82647 -36.9496 -5.80218 -10.6957 1.93767 -0.625513 -0.0184823 
1.79976 -36.9168 -5.796 -10.678 1.93116 -0.622863 -0.0185686 
1.77034 -36.8856 -5.79 -10.6608 1.92462 -0.620225 -0.018651 
1.7382 -36.8561 -5.78419 -10.6441 1.91804 -0.617602 -0.018729 
1.70332 -36.8284 -5.77858 -10.6279 1.91142 -0.614995 -0.0188021 
1.66572 -36.8025 -5.77317 -10.6123 1.90477 -0.612407 -0.0188698 
1.62539 -36.7784 -5.76797 -10.5973 1.89809 -0.60984 -0.0189318 
1.58233 -36.7562 -5.76298 -10.5829 1.89137 -0.607297 -0.0189878 
1.53654 -36.7359 -5.75821 -10.5691 1.88463 -0.604781 -0.0190374 
1.48803 -36.7176 -5.75366 -10.5559 1.87786 -0.602293 -0.0190806 
1.43681 -36.7012 -5.74934 -10.5433 1.87107 -0.599835 -0.0191172 
1.38289 -36.6869 -5.74526 -10.5314 1.86426 -0.59741 -0.0191471 
1.32629 -36.6746 -5.74142 -10.5201 1.85742 -0.595019 -0.0191705 
1.26701 -36.6644 -5.73781 -10.5094 1.85056 -0.592665 -0.0191876 
1.20509 -36.6562 -5.73446 -10.4995 1.84368 -0.590349 -0.0191985 
1.14054 -36.6501 -5.73135 -10.4901 1.83679 -0.588074 -0.0192035 
1.07339 -36.6462 -5.7285 -10.4815 1.82987 -0.58584 -0.0192033 
1.00366 -36.6444 -5.7259 -10.4735 1.82294 -0.58365 -0.0191981 
0.931384 -36.6446 -5.72357 -10.4662 1.81599 -0.581504 -0.0191888 
0.856602 -36.6471 -5.72149 -10.4595 1.80903 -0.579405 -0.0191759 
0.779346 -36.6516 -5.71968 -10.4535 1.80205 -0.577354 -0.0191603 
0.699657 -36.6583 -5.71813 -10.4481 1.79505 -0.575352 -0.019143 
0.61758 -36.6672 -5.71685 -10.4434 1.78804 -0.573401 -0.0191249 
0.533161 -36.6781 -5.71583 -10.4393 1.78101 -0.571501 -0.019107 
0.446451 -36.6911 -5.71508 -10.4358 1.77396 -0.569654 -0.0190905 
0.357505 -36.7063 -5.71459 -10.4329 1.7669 -0.567861 -0.0190766 
0.266381 -36.7235 -5.71436 -10.4307 1.75981 -0.566123 -0.0190666 
0.17314 -36.7428 -5.71439 -10.429 1.75271 -0.56444 -0.0190617 
0.0778479 -36.7641 -5.71468 -10.4278 1.74559 -0.562815 -0.0190635 
-0.0194253 -36.7874 -5.71522 -10.4272 1.73844 -0.561247 -0.0190731 
-0.118607 -36.8126 -5.71601 -10.4271 1.73127 -0.559737 -0.0190922 
-0.219619 -36.8398 -5.71704 -10.4275 1.72408 -0.558287 -0.019122 
-0.322381 -36.8689 -5.7183 -10.4283 1.71686 -0.556898 -0.019164 
-0.426808 -36.8999 -5.71979 -10.4296 1.70961 -0.555569 -0.0192197 
-0.532812 -36.9326 -5.7215 -10.4313 1.70233 -0.554303 -0.0192903 
-0.640298 -36.9671 -5.72342 -10.4334 1.69502 -0.553099 -0.0193774 
-0.749172 -37.0033 -5.72554 -10.4358 1.68768 -0.551959 -0.0194821 
-0.859333 -37.0411 -5.72784 -10.4385 1.6803 -0.550882 -0.0196058 
-0.970677 -37.0805 -5.73032 -10.4415 1.67288 -0.549871 -0.0197496 
-1.0831 -37.1215 -5.73296 -10.4447 1.66542 -0.548926 -0.0199145 
-1.19648 -37.1638 -5.73575 -10.448 1.65792 -0.548048 -0.0201017 
-1.31072 -37.2076 -5.73867 -10.4515 1.65037 -0.547237 -0.0203119 
-1.42569 -37.2526 -5.74171 -10.4551 1.64278 -0.546495 -0.020546 
-1.54128 -37.2989 -5.74485 -10.4588 1.63514 -0.545822 -0.0208047 
-1.65736 -37.3463 -5.74806 -10.4624 1.62744 -0.545218 -0.0210884 
-1.77381 -37.3948 -5.75134 -10.466 1.6197 -0.544686 -0.0213976 
-1.89051 -37.4442 -5.75465 -10.4695 1.6119 -0.544226 -0.0217325 
-2.00731 -37.4945 -5.75799 -10.4728 1.60405 -0.543838 -0.0220932 
-2.1241 -37.5456 -5.76133 -10.476 1.59613 -0.543524 -0.0224798 
-2.24073 -37.5973 -5.76464 -10.4788 1.58816 -0.543285 -0.022892 
-2.35709 -37.6496 -5.76792 -10.4813 1.58013 -0.543121 -0.0233296 
-2.47302 -37.7024 -5.77112 -10.4835 1.57204 -0.543033 -0.0237919 
-2.58841 -37.7556 -5.77424 -10.4852 1.56389 -0.543023 -0.0242785 
-2.7031 -37.809 -5.77725 -10.4864 1.55568 -0.54309 -0.0247886 
-2.81698 -37.8625 -5.78012 -10.487 1.54741 -0.543236 -0.0253212 
-2.9299 -37.9161 -5.78284 -10.487 1.53908 -0.543463 -0.0258754 
-3.04172 -37.9696 -5.78539 -10.4863 1.53069 -0.543769 -0.0264499 
-3.15233 -38.0228 -5.78773 -10.4849 1.52224 -0.544158 -0.0270436 
-3.26157 -38.0758 -5.78986 -10.4827 1.51373 -0.544628 -0.0276549 
-3.36933 -38.1282 -5.79175 -10.4795 1.50517 -0.545181 -0.0282825 
-3.47547 -38.1801 -5.79338 -10.4755 1.49655 -0.545818 -0.0289246 
-3.57987 -38.2313 -5.79474 -10.4705 1.48789 -0.546539 -0.0295798 
-3.68241 -38.2816 -5.79581 -10.4644 1.47918 -0.547344 -0.0302462 
-3.78295 -38.331 -5.79658 -10.4572 1.47042 -0.548235 -0.030922 
-3.88139 -38.3793 -5.79703 -10.4488 1.46163 -0.549212 -0.0316054 
-3.9776 -38.4264 -5.79715 -10.4392 1.4528 -0.550275 -0.0322944 
-4.07147 -38.4722 -5.79693 -10.4284 1.44395 -0.551424 -0.0329873 
-4.16289 -38.5165 -5.79638 -10.4161 1.43506 -0.55266 -0.0336819 
-4.25176 -38.5592 -5.79547 -10.4025 1.42616 -0.553982 -0.0343764 
-4.33797 -38.6002 -5.79421 -10.3875 1.41724 -0.555392 -0.0350689 
-4.42142 -38.6394 -5.7926 -10.3709 1.40832 -0.556888 -0.0357574 
-4.50201 -38.6767 -5.79064 -10.3529 1.3994 -0.55847 -0.03644 
-4.57966 -38.712 -5.78834 -10.3332 1.39048 -0.560139 -0.0371148 
-4.65428 -38.745 -5.78571 -10.3119 1.38158 -0.561894 -0.0377801 
-4.72577 -38.7759 -5.78275 -10.289 1.37269 -0.563735 -0.038434 
-4.79407 -38.8043 -5.77948 -10.2643 1.36384 -0.56566 -0.0390748 
-4.85909 -38.8303 -5.77592 -10.238 1.35502 -0.567669 -0.0397009 
-4.92076 -38.8538 -5.77208 -10.2098 1.34625 -0.569761 -0.0403108 
-4.97901 -38.8746 -5.76798 -10.1799 1.33753 -0.571934 -0.0409028 
-5.03378 -38.8927 -5.76365 -10.1482 1.32886 -0.574189 -0.0414756 
-5.085 -38.908 -5.75912 -10.1147 1.32027 -0.576522 -0.042028 
-5.13262 -38.9205 -5.75441 -10.0793 1.31176 -0.578934 -0.0425586 
-5.17658 -38.93 -5.74956 -10.0421 1.30332 -0.581421 -0.0430664 
-5.21683 -38.9366 -5.74459 -10.003 1.29498 -0.583981 -0.0435503 
-5.25332 -38.9401 -5.73955 -9.96203 1.28674 -0.586614 -0.0440096 
-5.28601 -38.9406 -5.73446 -9.91922 1.27861 -0.589316 -0.0444433 
-5.31485 -38.938 -5.72937 -9.87455 1.27059 -0.592084 -0.0448508 
-5.33981 -38.9322 -5.72432 -9.82803 1.26269 -0.594917 -0.0452316 
-5.36086 -38.9234 -5.71934 -9.77968 1.25491 -0.59781 -0.0455852 
-5.37794 -38.9114 -5.71449 -9.72951 1.24727 -0.600762 -0.0459113 
-5.39105 -38.8962 -5.70979 -9.67753 1.23977 -0.603768 -0.0462097 
-5.40013 -38.8779 -5.7053 -9.62379 1.23241 -0.606825 -0.0464804 
-5.40518 -38.8565 -5.70105 -9.56829 1.2252 -0.609929 -0.0467234 
-5.40617 -38.8321 -5.69709 -9.51109 1.21814 -0.613076 -0.0469389 
-5.40307 -38.8045 -5.69346 -9.45221 1.21123 -0.616262 -0.0471271 
-5.39586 -38.774 -5.6902 -9.3917 1.20449 -0.619483 -0.0472885 
-5.38453 -38.7405 -5.68736 -9.32961 1.1979 -0.622734 -0.0474237 
-5.36906 -38.7041 -5.68496 -9.26597 1.19147 -0.62601 -0.0475331 
-5.34944 -38.6649 -5.68305 -9.20085 1.18521 -0.629306 -0.0476177 
-5.32565 -38.6229 -5.68167 -9.13429 1.17911 -0.632618 -0.0476783 
-5.29768 -38.5782 -5.68084 -9.06637 1.17317 -0.635941 -0.0477159 
-5.26553 -38.5309 -5.68061 -8.99715 1.1674 -0.639268 -0.0477314 
-5.22918 -38.4811 -5.68099 -8.92669 1.16178 -0.642595 -0.0477262 
-5.18864 -38.429 -5.68202 -8.85507 1.15633 -0.645916 -0.0477015 
-5.14389 -38.3745 -5.68373 -8.78235 1.15104 -0.649226 -0.0476586 
-5.09494 -38.3179 -5.68612 -8.70863 1.1459 -0.652519 -0.047599 
-5.04179 -38.2592 -5.68923 -8.63397 1.14092 -0.655791 -0.0475241 
-4.98444 -38.1985 -5.69306 -8.55846 1.13609 -0.659034 -0.0474355 
-4.9229 -38.136 -5.69763 -8.4822 1.1314 -0.662244 -0.0473349 
-4.85716 -38.0719 -5.70294 -8.40527 1.12687 -0.665417 -0.0472239 
-4.78725 -38.0062 -5.70901 -8.32776 1.12247 -0.668545 -0.0471041 
-4.71316 -37.939 -5.71584 -8.24977 1.11821 -0.671625 -0.0469773 
-4.63492 -37.8706 -5.72342 -8.17139 1.11409 -0.674651 -0.0468453 
-4.55254 -37.801 -5.73175 -8.09273 1.11011 -0.67762 -0.0467097 
-4.46605 -37.7304 -5.74082 -8.01389 1.10625 -0.680525 -0.0465722 
-4.37545 -37.6589 -5.75063 -7.93498 1.10253 -0.683363 -0.0464345 
-4.28078 -37.5866 -5.76116 -7.85609 1.09893 -0.686131 -0.0462982 
-4.18206 -37.5138 -5.77239 -7.77734 1.09546 -0.688824 -0.0461649 
-4.07934 -37.4405 -5.7843 -7.69883 1.09212 -0.691439 -0.0460361 
-3.97263 -37.3668 -5.79688 -7.62069 1.0889 -0.693974 -0.0459131 
-3.86198 -37.2929 -5.81009 -7.54301 1.08581 -0.696424 -0.0457973 
-3.74744 -37.2189 -5.82391 -7.46592 1.08285 -0.698789 -0.0456897 
-3.62904 -37.145 -5.83831 -7.38952 1.08002 -0.701067 -0.0455915 
-3.50685 -37.0711 -5.85326 -7.31393 1.07732 -0.703255 -0.0455036 
-3.38091 -36.9976 -5.86872 -7.23927 1.07477 -0.705354 -0.0454266 
-3.25128 -36.9244 -5.88467 -7.16565 1.07236 -0.707361 -0.045361 
-3.11804 -36.8517 -5.90105 -7.09319 1.0701 -0.709278 -0.0453074 
-2.98124 -36.7795 -5.91784 -7.02199 1.068 -0.711103 -0.0452657 
-2.84097 -36.708 -5.935 -6.95218 1.06606 -0.712839 -0.045236 
-2.69729 -36.6372 -5.95247 -6.88387 1.0643 -0.714485 -0.0452179 
-2.5503 -36.5672 -5.97023 -6.81717 1.06272 -0.716043 -0.0452111 
-2.40009 -36.4981 -5.98823 -6.7522 1.06134 -0.717515 -0.0452148 
-2.24674 -36.43 -6.00643 -6.68905 1.06017 -0.718903 -0.045228 
-2.09037 -36.3628 -6.02478 -6.62784 1.05921 -0.720209 -0.0452497 
-1.93107 -36.2967 -6.04324 -6.56868 1.05849 -0.721436 -0.0452783 
-1.76896 -36.2316 -6.06176 -6.51166 1.058 -0.722587 -0.0453124 
-1.60415 -36.1676 -6.08031 -6.4569 1.05778 -0.723665 -0.04535 
-1.43678 -36.1048 -6.09883 -6.40447 1.05783 -0.724673 -0.0453892 
-1.26695 -36.0431 -6.11729 -6.35449 1.05816 -0.725615 -0.0454278 
-1.09482 -35.9826 -6.13564 -6.30703 1.0588 -0.726494 -0.0454632 
-0.920524 -35.9232 -6.15384 -6.26219 1.05975 -0.727316 -0.0454931 
-0.7442 -35.8649 -6.17185 -6.22005 1.06103 -0.728082 -0.0455146 
-0.566002 -35.8078 -6.18963 -6.18068 1.06265 -0.728798 -0.0455248 
-0.386088 -35.7517 -6.20713 -6.14416 1.06462 -0.729467 -0.045521 
-0.204618 -35.6966 -6.22432 -6.11055 1.06696 -0.730093 -0.0454999 
-0.0217605 -35.6426 -6.24116 -6.07992 1.06969 -0.73068 -0.0454585 
0.162314 -35.5896 -6.25761 -6.05232 1.07281 -0.731232 -0.0453936 
0.347429 -35.5374 -6.27363 -6.02781 1.07633 -0.731751 -0.0453021 
0.533402 -35.4861 -6.28919 -6.00642 1.08026 -0.732242 -0.0451808 
0.720049 -35.4355 -6.30426 -5.98819 1.08461 -0.732708 -0.0450266 
0.907179 -35.3856 -6.3188 -5.97317 1.08939 -0.733151 -0.0448363 
1.0946 -35.3364 -6.33278 -5.96136 1.0946 -0.733574 -0.0446071 
1.28211 -35.2877 -6.34617 -5.9528 1.10025 -0.73398 -0.044336 
1.46952 -35.2394 -6.35895 -5.94749 1.10634 -0.734371 -0.0440203 
1.65661 -35.1915 -6.37108 -5.94543 1.11287 -0.734748 -0.0436574 
1.84319 -35.1439 -6.38254 -5.94662 1.11984 -0.735113 -0.0432449 
2.02904 -35.0964 -6.39332 -5.95105 1.12725 -0.735467 -0.0427805 
2.21395 -35.0489 -6.40337 -5.95871 1.13509 -0.73581 -0.0422623 
2.39772 -35.0014 -6.4127 -5.96956 1.14337 -0.736144 -0.0416884 
2.58013 -34.9538 -6.42127 -5.98359 1.15206 -0.736467 -0.0410574 
2.76097 -34.9059 -6.42907 -6.00073 1.16118 -0.736781 -0.0403678 
2.94002 -34.8577 -6.4361 -6.02096 1.17069 -0.737083 -0.0396188 
3.11708 -34.809 -6.44232 -6.04422 1.1806 -0.737374 -0.0388095 
3.29192 -34.7598 -6.44775 -6.07044 1.19089 -0.737652 -0.0379394 
3.46435 -34.7099 -6.45236 -6.09957 1.20155 -0.737915 -0.0370085 
3.63415 -34.6593 -6.45615 -6.13152 1.21255 -0.738161 -0.0360167 
3.80112 -34.6079 -6.45912 -6.16622 1.22388 -0.738388 -0.0349644 
3.96505 -34.5555 -6.46127 -6.20359 1.23553 -0.738593 -0.0338524 
4.12575 -34.5022 -6.4626 -6.24353 1.24746 -0.738774 -0.0326814 
4.28301 -34.4478 -6.46312 -6.28594 1.25967 -0.738929 -0.0314528 
4.43666 -34.3923 -6.46282 -6.33074 1.27213 -0.739053 -0.0301681 
4.5865 -34.3355 -6.46173 -6.3778 1.28482 -0.739144 -0.0288288 
4.73235 -34.2775 -6.45985 -6.42703 1.29771 -0.739197 -0.0274371 
4.87404 -34.2183 -6.45719 -6.4783 1.31078 -0.739211 -0.0259951 
5.01139 -34.1577 -6.45378 -6.5315 1.324 -0.73918 -0.0245052 
5.14426 -34.0957 -6.44963 -6.58651 1.33735 -0.739102 -0.0229702 
5.27247 -34.0323 -6.44477 -6.64321 1.35081 -0.738972 -0.0213928 
5.3959 -33.9675 -6.43921 -6.70147 1.36435 -0.738788 -0.0197762 
5.51438 -33.9013 -6.433 -6.76117 1.37795 -0.738544 -0.0181234 
5.62781 -33.8338 -6.42616 -6.82216 1.39157 -0.738238 -0.0164379 
5.73604 -33.7648 -6.41871 -6.88434 1.4052 -0.737866 -0.0147231 
5.83897 -33.6945 -6.41071 -6.94756 1.4188 -0.737425 -0.0129827 
5.93649 -33.6228 -6.40218 -7.0117 1.43236 -0.73691 -0.0112205 
6.02851 -33.5499 -6.39317 -7.07662 1.44585 -0.736319 -0.00944026 
6.11493 -33.4757 -6.38373 -7.1422 1.45925 -0.735648 -0.00764591 
6.19568 -33.4003 -6.37388 -7.20831 1.47253 -0.734894 -0.00584146 
6.27069 -33.3239 -6.36369 -7.27482 1.48568 -0.734055 -0.00403095 
6.3399 -33.2464 -6.35321 -7.34162 1.49866 -0.733126 -0.00221849 
6.40325 -33.168 -6.34247 -7.40857 1.51147 -0.732107 -0.000408196 
6.46071 -33.0887 -6.33155 -7.47556 1.52407 -0.730993 0.0013958 
6.51224 -33.0087 -6.32049 -7.54248 1.53646 -0.729783 0.00318937 
6.55782 -32.9281 -6.30935 -7.60921 1.54861 -0.728474 0.00496836 
6.59743 -32.847 -6.29818 -7.67564 1.56051 -0.727064 0.00672869 
6.63106 -32.7654 -6.28705 -7.74168 1.57213 -0.725551 0.00846627 
6.65871 -32.6837 -6.27602 -7.80721 1.58347 -0.723933 0.0101771 
6.68039 -32.6018 -6.26513 -7.87216 1.59452 -0.722209 0.0118571 
6.69611 -32.5199 -6.25447 -7.93642 1.60525 -0.720376 0.0135026 
6.70591 -32.4382 -6.24408 -7.99991 1.61567 -0.718434 0.0151095 
6.70979 -32.3568 -6.23403 -8.06255 1.62574 -0.716381 0.0166743 
6.70781 -32.2759 -6.22437 -8.12427 1.63548 -0.714216 0.0181932 
6.69999 -32.1956 -6.21517 -8.18499 1.64487 -0.711937 0.0196628 
6.68639 -32.116 -6.20649 -8.24467 1.6539 -0.709543 0.0210796 
6.66706 -32.0374 -6.19838 -8.30323 1.66256 -0.707034 0.0224403 
6.64206 -31.9599 -6.1909 -8.36063 1.67086 -0.704409 0.0237419 
6.61144 -31.8837 -6.18411 -8.41682 1.67879 -0.701667 0.0249813 
6.57527 -31.8088 -6.17806 -8.47176 1.68634 -0.698807 0.0261557 
6.53362 -31.7356 -6.1728 -8.52542 1.69352 -0.695829 0.0272623 
6.48656 -31.664 -6.16838 -8.57777 1.70031 -0.692733 0.0282988 
6.43416 -31.5943 -6.16485 -8.62878 1.70673 -0.689518 0.0292628 
6.37651 -31.5267 -6.16225 -8.67844 1.71278 -0.686184 0.030152 
6.31367 -31.4612 -6.16062 -8.72674 1.71845 -0.682732 0.0309646 
6.24574 -31.398 -6.16001 -8.77367 1.72375 -0.679161 0.0316989 
6.1728 -31.3373 -6.16044 -8.81923 1.72869 -0.675472 0.0323531 
6.09492 -31.2792 -6.16196 -8.86342 1.73326 -0.671665 0.0329261 
6.0122 -31.2238 -6.16458 -8.90625 1.73747 -0.667742 0.0334166 
5.92472 -31.1713 -6.16833 -8.94774 1.74134 -0.663703 0.0338237 
5.83257 -31.1217 -6.17323 -8.9879 1.74486 -0.65955 0.0341467 
5.73584 -31.0752 -6.1793 -9.02677 1.74805 -0.655284 0.0343851 
5.63461 -31.0319 -6.18655 -9.06435 1.75092 -0.650907 0.0345385 
5.52899 -30.9919 -6.19499 -9.10069 1.75346 -0.646422 0.034607 
5.41905 -30.9552 -6.20462 -9.13581 1.7557 -0.641831 0.0345906 
5.30488 -30.922 -6.21545 -9.16976 1.75764 -0.637138 0.0344897 
5.18659 -30.8924 -6.22746 -9.20257 1.7593 -0.632344 0.0343049 
5.06425 -30.8664 -6.24065 -9.2343 1.76069 -0.627455 0.034037 
4.93797 -30.844 -6.25501 -9.26498 1.76181 -0.622474 0.0336869 
4.80783 -30.8254 -6.27052 -9.29467 1.76268 -0.617406 0.0332558 
4.67393 -30.8105 -6.28715 -9.32341 1.76332 -0.612257 0.0327451 
4.53636 -30.7995 -6.30489 -9.35126 1.76374 -0.60703 0.0321563 
4.39522 -30.7923 -6.3237 -9.37827 1.76395 -0.601734 0.0314912 
4.25061 -30.789 -6.34354 -9.4045 1.76396 -0.596373 0.0307517 
4.10261 -30.7896 -6.36439 -9.43001 1.76379 -0.590956 0.0299398 
3.95134 -30.7941 -6.3862 -9.45485 1.76346 -0.585489 0.0290579 
3.79689 -30.8025 -6.40892 -9.47909 1.76298 -0.57998 0.0281083 
3.63936 -30.8148 -6.43252 -9.50278 1.76236 -0.574438 0.0270934 
3.47885 -30.831 -6.45693 -9.52598 1.76162 -0.56887 0.0260161 
3.31548 -30.8511 -6.4821 -9.54876 1.76078 -0.563287 0.024879 
3.14935 -30.875 -6.50798 -9.57117 1.75984 -0.557697 0.023685 
2.98058 -30.9027 -6.53451 -9.59327 1.75884 -0.552111 0.0224371 
2.80927 -30.9342 -6.56162 -9.61512 1.75777 -0.546538 0.0211384 
2.63554 -30.9695 -6.58925 -9.63678 1.75666 -0.540988 0.0197919 
2.45952 -31.0084 -6.61735 -9.6583 1.75552 -0.535473 0.018401 
2.28132 -31.0509 -6.64583 -9.67975 1.75437 -0.530002 0.0169689 
2.10107 -31.097 -6.67463 -9.70117 1.75322 -0.524586 0.0154988 
1.91891 -31.1466 -6.70369 -9.72262 1.75209 -0.519236 0.0139941 
1.73496 -31.1996 -6.73293 -9.74414 1.75098 -0.513962 0.0124582 
1.54936 -31.2559 -6.76228 -9.76579 1.74992 -0.508776 0.0108943 
1.36225 -31.3155 -6.79167 -9.78762 1.74892 -0.503688 0.00930588 
1.17378 -31.3784 -6.82103 -9.80967 1.74799 -0.498708 0.00769621 
0.984102 -31.4443 -6.85029 -9.83198 1.74714 -0.493846 0.00606858 
0.793362 -31.5132 -6.87937 -9.85459 1.74638 -0.489111 0.00442626 
0.601721 -31.585 -6.90821 -9.87754 1.74573 -0.484514 0.00277246 
0.40934 -31.6596 -6.93674 -9.90086 1.7452 -0.480063 0.0011103 
0.216385 -31.7369 -6.96488 -9.92459 1.74479 -0.475767 -0.00055713 
0.0230267 -31.8169 -6.99258 -9.94875 1.74452 -0.471634 -0.00222686 
-0.17056 -31.8993 -7.01976 -9.97338 1.7444 -0.467671 -0.00389601 
-0.364198 -31.9841 -7.04637 -9.99849 1.74443 -0.463885 -0.00556178 
-0.557702 -32.0713 -7.07233 -10.0241 1.74462 -0.460282 -0.0072215 
-0.750887 -32.1606 -7.09759 -10.0502 1.74497 -0.456868 -0.00887264 
-0.943562 -32.2519 -7.1221 -10.0769 1.7455 -0.453647 -0.0105127 
-1.13553 -32.3453 -7.14578 -10.1041 1.7462 -0.450625 -0.0121396 
-1.3266 -32.4404 -7.1686 -10.1319 1.74708 -0.447803 -0.0137509 
-1.51656 -32.5373 -7.19049 -10.1602 1.74814 -0.445185 -0.0153448 
-1.70522 -32.6357 -7.21141 -10.1891 1.74939 -0.442773 -0.0169195 
-1.89236 -32.7357 -7.23132 -10.2185 1.75082 -0.440567 -0.0184731 
-2.07778 -32.837 -7.25017 -10.2485 1.75243 -0.438569 -0.0200042 
-2.26125 -32.9396 -7.26791 -10.279 1.75423 -0.436777 -0.0215114 
-2.44258 -33.0433 -7.28452 -10.3101 1.75621 -0.435191 -0.0229935 
-2.62153 -33.1481 -7.29996 -10.3416 1.75837 -0.433808 -0.0244495 
-2.7979 -33.2537 -7.31419 -10.3737 1.7607 -0.432627 -0.0258783 
-2.97147 -33.3601 -7.32718 -10.4063 1.76321 -0.431644 -0.0272793 
-3.14201 -33.4672 -7.33892 -10.4393 1.76588 -0.430856 -0.0286518 
-3.30931 -33.5748 -7.34937 -10.4727 1.7687 -0.430257 -0.0299954 
-3.47314 -33.6829 -7.35853 -10.5065 1.77168 -0.429842 -0.0313098 
-3.6333 -33.7913 -7.36636 -10.5407 1.77481 -0.429607 -0.0325946 
-3.78955 -33.8998 -7.37286 -10.5753 1.77807 -0.429546 -0.03385 
-3.94169 -34.0085 -7.37802 -10.6101 1.78147 -0.42965 -0.0350758 
-4.0895 -34.1171 -7.38183 -10.6452 1.78498 -0.429914 -0.0362723 
-4.23276 -34.2256 -7.38428 -10.6805 1.7886 -0.430331 -0.0374396 
-4.37128 -34.3338 -7.38537 -10.716 1.79231 -0.430892 -0.0385781 
-4.50484 -34.4416 -7.3851 -10.7517 1.79612 -0.431589 -0.0396881 
-4.63324 -34.5489 -7.38348 -10.7874 1.80001 -0.432414 -0.04077 
-4.75628 -34.6557 -7.38051 -10.8232 1.80396 -0.433359 -0.0418244 
-4.87378 -34.7617 -7.37621 -10.859 1.80797 -0.434414 -0.0428518 
-4.98554 -34.8669 -7.37057 -10.8948 1.81202 -0.435572 -0.0438527 
-5.09139 -34.9712 -7.36362 -10.9304 1.8161 -0.436822 -0.0448277 
-5.19115 -35.0744 -7.35538 -10.966 1.82021 -0.438156 -0.0457773 
-5.28464 -35.1765 -7.34585 -11.0013 1.82432 -0.439564 -0.0467021 
-5.37172 -35.2773 -7.33506 -11.0363 1.82843 -0.441038 -0.0476026 
-5.45222 -35.3768 -7.32304 -11.0711 1.83253 -0.442568 -0.0484793 
-5.52601 -35.4748 -7.30981 -11.1054 1.8366 -0.444145 -0.0493328 
-5.59294 -35.5712 -7.29539 -11.1394 1.84064 -0.44576 -0.0501634 
-5.65289 -35.6659 -7.27982 -11.1729 1.84462 -0.447404 -0.0509716 
-5.70573 -35.7589 -7.26312 -11.2059 1.84856 -0.449067 -0.0517575 
-5.75137 -35.8499 -7.24532 -11.2383 1.85242 -0.450742 -0.0525216 
-5.78969 -35.939 -7.22647 -11.27 1.8562 -0.45242 -0.0532639 
-5.82062 -36.0259 -7.20659 -11.3011 1.8599 -0.454092 -0.0539846 
-5.84407 -36.1107 -7.18571 -11.3314 1.8635 -0.455749 -0.0546836 
-5.85998 -36.1931 -7.16389 -11.3609 1.867 -0.457385 -0.055361 
-5.86829 -36.2732 -7.14115 -11.3896 1.87038 -0.458991 -0.0560165 
-5.86895 -36.3508 -7.11754 -11.4173 1.87364 -0.460559 -0.05665 
-5.86194 -36.4257 -7.0931 -11.4441 1.87676 -0.462082 -0.0572611 
-5.84723 -36.498 -7.06786 -11.4698 1.87976 -0.463554 -0.0578494 
-5.82481 -36.5675 -7.04188 -11.4945 1.8826 -0.464967 -0.0584145 
-5.79469 -36.6341 -7.01518 -11.518 1.8853 -0.466316 -0.0589556 
-5.75688 -36.6977 -6.98782 -11.5404 1.88783 -0.467593 -0.0594723 
-5.71141 -36.7582 -6.95985 -11.5615 1.89021 -0.468793 -0.0599636 
-5.65831 -36.8155 -6.93129 -11.5813 1.89242 -0.46991 -0.0604288 
-5.59765 -36.8696 -6.90221 -11.5998 1.89445 -0.47094 -0.0608671 
-5.52948 -36.9204 -6.87264 -11.617 1.89631 -0.471876 -0.0612774 
-5.45388 -36.9677 -6.84263 -11.6327 1.89798 -0.472716 -0.0616587 
-5.37095 -37.0115 -6.81222 -11.6469 1.89947 -0.473454 -0.06201 
-5.28078 -37.0516 -6.78146 -11.6596 1.90077 -0.474087 -0.0623301 
-5.18348 -37.0881 -6.7504 -11.6707 1.90188 -0.474612 -0.0626178 
-5.0792 -37.1207 -6.71907 -11.6802 1.90278 -0.475024 -0.0628719 
-4.96805 -37.1495 -6.68752 -11.688 1.90349 -0.475322 -0.0630912 
-4.8502 -37.1743 -6.6558 -11.6941 1.90399 -0.475502 -0.0632745 
-4.72581 -37.1952 -6.62395 -11.6985 1.90429 -0.475564 -0.0634204 
-4.59505 -37.2119 -6.59202 -11.7011 1.90438 -0.475504 -0.0635276 
-4.45811 -37.2244 -6.56003 -11.7018 1.90426 -0.475323 -0.063595 
-4.31518 -37.2327 -6.52805 -11.7007 1.90392 -0.475019 -0.0636212 
-4.16647 -37.2366 -6.4961 -11.6977 1.90336 -0.474591 -0.063605 
-4.0122 -37.2362 -6.46424 -11.6927 1.90259 -0.474039 -0.0635452 
-3.8526 -37.2313 -6.43249 -11.6858 1.90159 -0.473363 -0.0634406 
-3.6879 -37.2219 -6.40089 -11.6768 1.90037 -0.472564 -0.0632901 
-3.51836 -37.2079 -6.3695 -11.6658 1.89891 -0.471643 -0.0630927 
-3.34422 -37.1893 -6.33833 -11.6527 1.89723 -0.4706 -0.0628473 
-3.16576 -37.1661 -6.30743 -11.6375 1.89531 -0.469437 -0.0625532 
-2.98326 -37.1381 -6.27683 -11.6201 1.89315 -0.468157 -0.0622095 
-2.79697 -37.1053 -6.24657 -11.6006 1.89075 -0.46676 -0.0618154 
-2.60721 -37.0677 -6.21667 -11.5789 1.8881 -0.465249 -0.0613704 
-2.41426 -37.0253 -6.18718 -11.555 1.8852 -0.463627 -0.060874 
-2.21843 -36.978 -6.15811 -11.5288 1.88205 -0.461897 -0.0603259 
-2.02001 -36.9258 -6.12949 -11.5004 1.87865 -0.460062 -0.0597259 
-1.81932 -36.8686 -6.10136 -11.4697 1.87498 -0.458124 -0.0590739 
-1.61668 -36.8066 -6.07374 -11.4368 1.87104 -0.456089 -0.05837 
-1.41239 -36.7396 -6.04664 -11.4015 1.86683 -0.453959 -0.0576144 
-1.2068 -36.6677 -6.02011 -11.3639 1.86235 -0.451739 -0.0568076 
-1.0002 -36.5908 -5.99414 -11.3239 1.85758 -0.449432 -0.0559502 
-0.79294 -36.509 -5.96877 -11.2817 1.85253 -0.447043 -0.055043 
-0.58533 -36.4223 -5.94402 -11.2371 1.84718 -0.444576 -0.0540869 
-0.377696 -36.3307 -5.91989 -11.1901 1.84154 -0.442035 -0.0530831 
-0.170362 -36.2342 -5.8964 -11.1408 1.83559 -0.439425 -0.0520329 
0.0363537 -36.133 -5.87357 -11.0892 1.82934 -0.436751 -0.0509379 
0.242133 -36.0269 -5.8514 -11.0352 1.82277 -0.434017 -0.0497998 
0.446662 -35.9162 -5.82991 -10.979 1.81589 -0.431227 -0.0486206 
0.649633 -35.8008 -5.80911 -10.9204 1.80868 -0.428387 -0.0474023 
0.850742 -35.6809 -5.78899 -10.8596 1.80114 -0.4255 -0.0461474 
1.04969 -35.5564 -5.76957 -10.7964 1.79327 -0.422572 -0.0448582 
1.24619 -35.4276 -5.75085 -10.7311 1.78506 -0.419606 -0.0435376 
1.43996 -35.2945 -5.73282 -10.6635 1.77651 -0.416607 -0.0421884 
1.63072 -35.1571 -5.71549 -10.5938 1.76761 -0.41358 -0.0408136 
1.81822 -35.0158 -5.69887 -10.5219 1.75837 -0.410528 -0.0394165 
2.00219 -34.8704 -5.68293 -10.4479 1.74877 -0.407456 -0.0380004 
2.18239 -34.7213 -5.66768 -10.3718 1.73882 -0.404368 -0.036569 
2.3586 -34.5685 -5.65312 -10.2937 1.72851 -0.401266 -0.0351258 
2.53059 -34.4122 -5.63924 -10.2137 1.71784 -0.398156 -0.0336747 
2.69816 -34.2526 -5.62602 -10.1318 1.70681 -0.39504 -0.0322196 
2.86112 -34.0898 -5.61346 -10.048 1.69543 -0.391921 -0.0307644 
3.01928 -33.9241 -5.60155 -9.96243 1.68368 -0.388804 -0.0293134 
3.17248 -33.7555 -5.59028 -9.87516 1.67159 -0.385691 -0.0278706 
3.32057 -33.5844 -5.57963 -9.78626 1.65913 -0.382584 -0.0264402 
3.46341 -33.4109 -5.56959 -9.6958 1.64633 -0.379488 -0.0250266 
3.6009 -33.2353 -5.56015 -9.60386 1.63319 -0.376404 -0.0236341 
3.73292 -33.0577 -5.55129 -9.51053 1.61971 -0.373335 -0.0222667 
3.85938 -32.8784 -5.54299 -9.41589 1.60589 -0.370283 -0.020929 
3.98022 -32.6976 -5.53525 -9.32004 1.59175 -0.367251 -0.019625 
4.09537 -32.5157 -5.52804 -9.22308 1.57729 -0.364242 -0.0183588 
4.2048 -32.3327 -5.52135 -9.1251 1.56252 -0.361257 -0.0171347 
4.30848 -32.1491 -5.51517 -9.02622 1.54746 -0.358299 -0.0159566 
4.40641 -31.965 -5.50947 -8.92652 1.53212 -0.355369 -0.0148283 
4.49858 -31.7807 -5.50424 -8.82613 1.5165 -0.352471 -0.0137537 
4.58502 -31.5966 -5.49947 -8.72516 1.50063 -0.349607 -0.0127362 
4.66576 -31.4128 -5.49513 -8.62372 1.48451 -0.346778 -0.0117793 
4.74085 -31.2296 -5.49122 -8.52193 1.46817 -0.343988 -0.0108863 
4.81036 -31.0474 -5.48772 -8.41991 1.45161 -0.341239 -0.0100602 
4.87435 -30.8663 -5.48462 -8.31778 1.43487 -0.338533 -0.00930372 
4.93292 -30.6868 -5.4819 -8.21567 1.41796 -0.335874 -0.00861959 
4.98617 -30.509 -5.47956 -8.1137 1.40089 -0.333265 -0.0080101 
5.03419 -30.3332 -5.47757 -8.01199 1.3837 -0.330708 -0.00747736 
5.07712 -30.1598 -5.47593 -7.91068 1.36639 -0.328208 -0.0070232 
5.11508 -29.9889 -5.47463 -7.80989 1.349 -0.325767 -0.00664919 
5.14821 -29.8209 -5.47367 -7.70975 1.33154 -0.323391 -0.00635663 
5.17664 -29.6561 -5.47302 -7.61038 1.31405 -0.321083 -0.00614653 
5.20053 -29.4947 -5.4727 -7.51193 1.29654 -0.318847 -0.00601964 
5.22003 -29.3369 -5.47269 -7.41451 1.27904 -0.316688 -0.00597639 
5.23531 -29.1831 -5.47298 -7.31825 1.26158 -0.314612 -0.00601697 
5.24651 -29.0334 -5.47358 -7.22329 1.24418 -0.312622 -0.00614127 
5.25382 -28.8882 -5.47447 -7.12973 1.22686 -0.310726 -0.00634891 
5.25739 -28.7476 -5.47567 -7.03772 1.20966 -0.308929 -0.00663925 
5.25739 -28.6119 -5.47716 -6.94736 1.1926 -0.307236 -0.00701139 
5.25399 -28.4813 -5.47895 -6.85879 1.17571 -0.305654 -0.00746419 
5.24735 -28.3561 -5.48103 -6.77211 1.159 -0.30419 -0.00799626 
5.23763 -28.2364 -5.4834 -6.68745 1.14252 -0.302849 -0.00860598 
5.22499 -28.1223 -5.48607 -6.60492 1.12628 -0.301639 -0.00929156 
5.20958 -28.0143 -5.48904 -6.52462 1.11031 -0.300567 -0.010051 
5.19155 -27.9122 -5.4923 -6.44666 1.09463 -0.299639 -0.010882 
5.17105 -27.8165 -5.49585 -6.37115 1.07927 -0.298863 -0.0117823 
5.14821 -27.7271 -5.49969 -6.29818 1.06426 -0.298245 -0.0127495 
5.12316 -27.6443 -5.50383 -6.22786 1.04961 -0.297793 -0.0137808 
5.09602 -27.5681 -5.50825 -6.16026 1.03535 -0.297514 -0.0148735 
5.06689 -27.4988 -5.51296 -6.09549 1.0215 -0.297413 -0.0160247 
5.03589 -27.4363 -5.51795 -6.03361 1.00809 -0.2975 -0.0172317 
5.0031 -27.3808 -5.5232 -5.97472 0.995122 -0.297778 -0.0184914 
4.96861 -27.3324 -5.52872 -5.91888 0.982625 -0.298256 -0.0198007 
4.93248 -27.2912 -5.5345 -5.86616 0.970617 -0.298938 -0.0211567 
4.89478 -27.2571 -5.54051 -5.81662 0.959112 -0.29983 -0.0225563 
4.85556 -27.2303 -5.54675 -5.77033 0.948127 -0.300939 -0.0239964 
4.81485 -27.2108 -5.55319 -5.72734 0.937675 -0.302267 -0.0254739 
4.77267 -27.1985 -5.55982 -5.68768 0.927769 -0.30382 -0.0269859 
4.72904 -27.1936 -5.56661 -5.65142 0.918421 -0.305602 -0.0285292 
4.68396 -27.196 -5.57354 -5.61857 0.90964 -0.307615 -0.0301009 
4.63743 -27.2056 -5.58058 -5.58918 0.901435 -0.309863 -0.0316981 
4.58941 -27.2225 -5.58769 -5.56326 0.893813 -0.312347 -0.0333178 
4.53987 -27.2466 -5.59484 -5.54084 0.886779 -0.315068 -0.0349572 
4.48876 -27.2779 -5.60199 -5.52193 0.880339 -0.318028 -0.0366134 
4.43604 -27.3163 -5.6091 -5.50653 0.874494 -0.321226 -0.0382837 
4.38163 -27.3617 -5.61612 -5.49465 0.869246 -0.324661 -0.0399653 
4.32546 -27.414 -5.62301 -5.48627 0.864594 -0.328333 -0.0416555 
4.26742 -27.4732 -5.6297 -5.4814 0.860538 -0.332238 -0.0433516 
4.20744 -27.539 -5.63616 -5.48001 0.857074 -0.336374 -0.0450509 
4.1454 -27.6115 -5.64231 -5.48207 0.854196 -0.340737 -0.0467508 
4.08118 -27.6905 -5.64809 -5.48757 0.851901 -0.345323 -0.0484486 
4.01467 -27.7758 -5.65345 -5.49646 0.850179 -0.350126 -0.0501417 
3.94573 -27.8673 -5.65832 -5.5087 0.849022 -0.35514 -0.0518274 
3.87424 -27.9648 -5.66263 -5.52425 0.84842 -0.36036 -0.0535029 
3.80004 -28.0682 -5.6663 -5.54306 0.848363 -0.365776 -0.0551656 
3.723 -28.1773 -5.66927 -5.56507 0.848836 -0.371382 -0.0568126 
3.64298 -28.2919 -5.67146 -5.59021 0.849828 -0.37717 -0.0584411 
3.55981 -28.4119 -5.67279 -5.61842 0.851323 -0.383128 -0.0600482 
3.47335 -28.5371 -5.6732 -5.64963 0.853305 -0.389249 -0.0616309 
3.38345 -28.6672 -5.6726 -5.68376 0.855758 -0.395522 -0.0631862 
3.28995 -28.8021 -5.67092 -5.72073 0.858664 -0.401936 -0.0647109 
3.19272 -28.9415 -5.66809 -5.76045 0.862004 -0.40848 -0.0662017 
3.09161 -29.0853 -5.66402 -5.80283 0.86576 -0.415143 -0.0676555 
2.98647 -29.2333 -5.65865 -5.84778 0.869911 -0.421913 -0.0690687 
2.87717 -29.3852 -5.65191 -5.89521 0.874437 -0.428777 -0.0704379 
2.76359 -29.5408 -5.64371 -5.94501 0.879316 -0.435724 -0.0717594 
2.64561 -29.7 -5.634 -5.99709 0.884529 -0.442741 -0.0730298 
2.52311 -29.8625 -5.62271 -6.05133 0.890051 -0.449817 -0.0742452 
2.39599 -30.0281 -5.60978 -6.10764 0.895863 -0.456937 -0.0754018 
2.26416 -30.1966 -5.59515 -6.1659 0.90194 -0.46409 -0.0764958 
2.12756 -30.3678 -5.57876 -6.226 0.908262 -0.471264 -0.0775235 
1.98611 -30.5414 -5.56057 -6.28784 0.914804 -0.478445 -0.0784808 
1.83977 -30.7174 -5.54052 -6.3513 0.921546 -0.485622 -0.079364 
1.6885 -30.8955 -5.51859 -6.41627 0.928465 -0.492783 -0.0801692 
1.53228 -31.0755 -5.49472 -6.48264 0.935539 -0.499916 -0.0808926 
1.37112 -31.2572 -5.4689 -6.5503 0.942746 -0.50701 -0.0815305 
1.20503 -31.4404 -5.4411 -6.61915 0.950065 -0.514053 -0.0820793 
1.03405 -31.625 -5.41129 -6.68906 0.957475 -0.521034 -0.0825354 
0.858237 -31.8108 -5.37947 -6.75994 0.964956 -0.527945 -0.0828955 
0.677662 -31.9977 -5.34562 -6.83168 0.972488 -0.534773 -0.0831565 
0.492419 -32.1854 -5.30975 -6.90417 0.980051 -0.54151 -0.0833152 
0.302625 -32.3738 -5.27186 -6.97733 0.987628 -0.548147 -0.083369 
0.108413 -32.5627 -5.23196 -7.05103 0.995199 -0.554675 -0.0833154 
-0.0900606 -32.7522 -5.19007 -7.12521 1.00275 -0.561087 -0.0831521 
-0.292621 -32.9419 -5.14622 -7.19975 1.01026 -0.567373 -0.0828773 
-0.499073 -33.1318 -5.10043 -7.27457 1.01772 -0.573528 -0.0824892 
-0.709201 -33.3218 -5.05274 -7.34959 1.02511 -0.579545 -0.0819867 
-0.92277 -33.5117 -5.00318 -7.42473 1.03242 -0.585418 -0.0813689 
-1.13953 -33.7014 -4.95181 -7.49991 1.03963 -0.59114 -0.0806353 
-1.3592 -33.8909 -4.89868 -7.57505 1.04674 -0.596708 -0.0797857 
-1.58151 -34.0801 -4.84385 -7.65009 1.05373 -0.602115 -0.0788205 
-1.80613 -34.2688 -4.78737 -7.72495 1.06059 -0.607359 -0.0777404 
-2.03276 -34.4571 -4.72932 -7.79959 1.06731 -0.612435 -0.0765466 
-2.26106 -34.6447 -4.66976 -7.87394 1.07389 -0.617339 -0.0752406 
-2.49067 -34.8316 -4.60877 -7.94795 1.08031 -0.62207 -0.0738244 
-2.72125 -35.0179 -4.54643 -8.02156 1.08657 -0.626623 -0.0723005 
-2.95241 -35.2033 -4.48281 -8.09474 1.09267 -0.630998 -0.0706718 
-3.18378 -35.3879 -4.41801 -8.16745 1.09859 -0.635191 -0.0689414 
-3.41497 -35.5715 -4.35211 -8.23963 1.10434 -0.639202 -0.067113 
-3.64558 -35.7541 -4.2852 -8.31127 1.1099 -0.643028 -0.0651907 
-3.87522 -35.9358 -4.21736 -8.38232 1.11528 -0.64667 -0.0631789 
-4.10348 -36.1163 -4.1487 -8.45277 1.12047 -0.650125 -0.0610823 
-4.32996 -36.2957 -4.0793 -8.52258 1.12547 -0.653393 -0.058906 
-4.55425 -36.4739 -4.00926 -8.59173 1.13028 -0.656474 -0.0566552 
-4.77595 -36.6508 -3.93867 -8.6602 1.13489 -0.659367 -0.0543357 
-4.99466 -36.8265 -3.86762 -8.72798 1.13931 -0.662071 -0.0519533 
-5.20999 -37.0007 -3.79621 -8.79505 1.14353 -0.664588 -0.0495139 
-5.42153 -37.1736 -3.72452 -8.86139 1.14755 -0.666916 -0.0470238 
-5.62892 -37.3449 -3.65266 -8.92699 1.15138 -0.669056 -0.0444894 
-5.83178 -37.5148 -3.58071 -8.99185 1.15501 -0.671008 -0.0419171 
-6.02974 -37.683 -3.50876 -9.05595 1.15844 -0.672772 -0.0393134 
-6.22245 -37.8496 -3.43689 -9.11927 1.16167 -0.674349 -0.0366849 
-6.40957 -38.0144 -3.36519 -9.18182 1.1647 -0.675738 -0.034038 
-6.59077 -38.1774 -3.29375 -9.24359 1.16753 -0.676941 -0.0313793 
-6.76574 -38.3386 -3.22264 -9.30456 1.17016 -0.677957 -0.0287153 
-6.93419 -38.4978 -3.15193 -9.36473 1.17259 -0.678788 -0.0260522 
-7.09583 -38.6549 -3.08171 -9.42409 1.17482 -0.679433 -0.0233962 
-7.25039 -38.81 -3.01205 -9.48264 1.17685 -0.679894 -0.0207534 
-7.39764 -38.9628 -2.94301 -9.54035 1.17868 -0.680171 -0.0181296 
-7.53734 -39.1134 -2.87466 -9.59724 1.18031 -0.680266 -0.0155304 
-7.66927 -39.2616 -2.80707 -9.65328 1.18173 -0.680179 -0.0129612 
-7.79325 -39.4074 -2.74028 -9.70846 1.18296 -0.679911 -0.0104271 
-7.9091 -39.5506 -2.67437 -9.76277 1.18398 -0.679464 -0.00793302 
-8.01666 -39.6911 -2.60938 -9.81621 1.18479 -0.678839 -0.00548339 
-8.11579 -39.8289 -2.54537 -9.86876 1.18541 -0.678038 -0.00308245 
-8.20638 -39.9639 -2.48238 -9.92041 1.18582 -0.677062 -0.000734093 
-8.28831 -40.096 -2.42046 -9.97114 1.18602 -0.675914 0.00155814 
-8.3615 -40.225 -2.35966 -10.0209 1.18602 -0.674596 0.00379105 
-8.42588 -40.351 -2.3 -10.0698 1.18582 -0.673111 0.0059618 
-8.4814 -40.4737 -2.24154 -10.1177 1.18541 -0.67146 0.00806791 
-8.52802 -40.5932 -2.18431 -10.1646 1.18479 -0.669648 0.0101073 
-8.56571 -40.7092 -2.12833 -10.2105 1.18398 -0.667678 0.0120781 
-8.59448 -40.8218 -2.07365 -10.2555 1.18296 -0.665554 0.013979 
-8.61431 -40.9308 -2.02029 -10.2994 1.18174 -0.663279 0.015809 
-8.62523 -41.0362 -1.96827 -10.3423 1.18033 -0.660859 0.0175673 
-8.62727 -41.1378 -1.91763 -10.3841 1.17872 -0.658297 0.0192536 
-8.62047 -41.2357 -1.86839 -10.4248 1.17692 -0.6556 0.0208679 
-8.60488 -41.3297 -1.82058 -10.4645 1.17493 -0.652773 0.0224105 
-8.58055 -41.4198 -1.77421 -10.5031 1.17276 -0.649823 0.023882 
-8.54756 -41.5059 -1.7293 -10.5406 1.17042 -0.646755 0.0252833 
-8.50598 -41.588 -1.68588 -10.577 1.16791 -0.643576 0.0266157 
-8.45588 -41.6659 -1.64397 -10.6123 1.16523 -0.640295 0.0278807 
-8.39737 -41.7397 -1.60358 -10.6464 1.1624 -0.636919 0.0290799 
-8.33053 -41.8094 -1.56474 -10.6794 1.15943 -0.633456 0.0302154 
-8.25546 -41.8748 -1.52745 -10.7113 1.15632 -0.629915 0.0312893 
-8.17226 -41.936 -1.49175 -10.7421 1.1531 -0.626306 0.0323041 
-8.08104 -41.9929 -1.45764 -10.7717 1.14976 -0.622637 0.0332624 
-7.98189 -42.0456 -1.42515 -10.8002 1.14632 -0.618919 0.034167 
-7.87494 -42.094 -1.39428 -10.8276 1.1428 -0.615163 0.0350207 
-7.76029 -42.1381 -1.36507 -10.8539 1.13922 -0.61138 0.0358267 
-7.63805 -42.1779 -1.33752 -10.879 1.13558 -0.60758 0.0365881 
-7.50833 -42.2135 -1.31165 -10.9031 1.13191 -0.603775 0.0373081 
-7.37126 -42.2448 -1.28749 -10.9261 1.12822 -0.599977 0.0379902 
-7.22694 -42.2718 -1.26504 -10.9481 1.12453 -0.596199 0.0386377 
-7.07548 -42.2947 -1.24432 -10.969 1.12087 -0.592452 0.039254 
-6.91701 -42.3134 -1.22535 -10.9889 1.11725 -0.58875 0.0398427 
-6.75163 -42.3279 -1.20816 -11.0078 1.11369 -0.585106 0.0404072 
-6.57946 -42.3384 -1.19275 -11.0257 1.11021 -0.581532 0.0409509 
-6.40062 -42.3448 -1.17914 -11.0427 1.10685 -0.578042 0.0414772 
-6.21523 -42.3473 -1.16735 -11.0588 1.10361 -0.574648 0.0419896 
-6.0234 -42.3458 -1.15739 -11.074 1.10052 -0.571365 0.0424912 
-5.82525 -42.3404 -1.14928 -11.0884 1.09761 -0.568206 0.0429854 
-5.62091 -42.3312 -1.14304 -11.102 1.0949 -0.565183 0.0434751 
-5.41049 -42.3182 -1.13868 -11.1147 1.09241 -0.562309 0.0439635 
-5.19413 -42.3015 -1.13622 -11.1267 1.09016 -0.559597 0.0444534 
-4.97195 -42.2812 -1.13566 -11.1381 1.08819 -0.55706 0.0449475 
-4.74409 -42.2574 -1.13701 -11.1487 1.0865 -0.55471 0.0454483 
-4.51069 -42.2301 -1.14029 -11.1587 1.08512 -0.552558 0.0459584 
-4.27189 -42.1994 -1.14551 -11.168 1.08408 -0.550616 0.04648 
-4.02784 -42.1653 -1.15268 -11.1768 1.08339 -0.548895 0.047015 
-3.77869 -42.128 -1.16179 -11.1851 1.08308 -0.547405 0.0475654 
-3.52461 -42.0875 -1.17285 -11.1928 1.08316 -0.546156 0.0481329 
-3.26576 -42.0438 -1.18587 -11.2 1.08365 -0.545156 0.0487189 
-3.00233 -41.9971 -1.20084 -11.2068 1.08457 -0.544414 0.0493248 
-2.7345 -41.9474 -1.21777 -11.2131 1.08593 -0.543938 0.0499515 
-2.46246 -41.8948 -1.23664 -11.219 1.08776 -0.543734 0.0505999 
-2.18643 -41.8393 -1.25744 -11.2244 1.09006 -0.543808 0.0512707 
-1.90661 -41.7811 -1.28018 -11.2295 1.09284 -0.544166 0.0519644 
-1.62323 -41.7201 -1.30483 -11.2343 1.09612 -0.544811 0.052681 
-1.33653 -41.6564 -1.33138 -11.2386 1.0999 -0.545747 0.0534208 
-1.04675 -41.5901 -1.35981 -11.2426 1.10419 -0.546975 0.0541834 
-0.75415 -41.5213 -1.39009 -11.2462 1.109 -0.548497 0.0549686 
-0.459006 -41.4499 -1.42221 -11.2494 1.11433 -0.550314 0.0557758 
-0.161595 -41.3761 -1.45613 -11.2523 1.12018 -0.552424 0.0566041 
0.137789 -41.2999 -1.49182 -11.2547 1.12656 -0.554825 0.0574527 
0.438843 -41.2213 -1.52925 -11.2568 1.13345 -0.557516 0.0583206 
0.741252 -41.1404 -1.56838 -11.2585 1.14086 -0.560491 0.0592063 
1.04469 -41.0571 -1.60917 -11.2597 1.14879 -0.563746 0.0601086 
1.34882 -40.9717 -1.65157 -11.2605 1.15721 -0.567275 0.0610259 
1.65329 -40.884 -1.69553 -11.2607 1.16614 -0.57107 0.0619564 
1.95775 -40.7941 -1.74102 -11.2604 1.17555 -0.575125 0.0628983 
2.26184 -40.702 -1.78796 -11.2596 1.18543 -0.57943 0.0638497 
2.56518 -40.6079 -1.83632 -11.2582 1.19578 -0.583974 0.0648086 
2.86739 -40.5116 -1.88601 -11.2561 1.20656 -0.588748 0.0657728 
3.16808 -40.4133 -1.937 -11.2533 1.21778 -0.593738 0.06674 
3.46686 -40.3129 -1.9892 -11.2498 1.2294 -0.598933 0.0677079 
3.76334 -40.2105 -2.04256 -11.2455 1.2414 -0.604319 0.0686741 
4.0571 -40.1061 -2.097 -11.2404 1.25377 -0.609881 0.0696363 
4.34776 -39.9998 -2.15246 -11.2343 1.26649 -0.615603 0.0705917 
4.6349 -39.8915 -2.20886 -11.2274 1.27951 -0.62147 0.071538 
4.91813 -39.7813 -2.26613 -11.2194 1.29283 -0.627464 0.0724724 
5.19703 -39.6693 -2.32419 -11.2103 1.30641 -0.633568 0.0733924 
5.47121 -39.5554 -2.38297 -11.2002 1.32023 -0.639762 0.0742952 
5.74028 -39.4397 -2.44239 -11.1889 1.33425 -0.646027 0.0751784 
6.00384 -39.3223 -2.50237 -11.1763 1.34844 -0.652344 0.076039 
6.26151 -39.2031 -2.56283 -11.1625 1.36278 -0.65869 0.0768745 
6.51292 -39.0822 -2.6237 -11.1474 1.37723 -0.665046 0.0776822 
6.7577 -38.9597 -2.6849 -11.1309 1.39175 -0.671388 0.0784595 
6.9955 -38.8356 -2.74636 -11.1129 1.40632 -0.677693 0.0792035 
7.22597 -38.7099 -2.80798 -11.0935 1.4209 -0.683939 0.0799118 
7.44879 -38.5828 -2.86971 -11.0725 1.43545 -0.6901 0.0805817 
7.66365 -38.4542 -2.93147 -11.05 1.44995 -0.696153 0.0812105 
7.87025 -38.3242 -2.99318 -11.0258 1.46435 -0.702071 0.0817957 
8.06831 -38.1929 -3.05478 -11 1.47862 -0.70783 0.0823349 
8.25757 -38.0603 -3.1162 -10.9726 1.49272 -0.713403 0.0828253 
8.43779 -37.9266 -3.17738 -10.9434 1.50663 -0.718764 0.0832646 
8.60875 -37.7918 -3.23825 -10.9126 1.5203 -0.723886 0.0836502 
8.77025 -37.6559 -3.29876 -10.88 1.53371 -0.728741 0.0839797 
8.92212 -37.519 -3.35885 -10.8456 1.54682 -0.733302 0.0842507 
9.0642 -37.3813 -3.41847 -10.8094 1.55959 -0.737542 0.0844607 
9.19638 -37.2428 -3.47758 -10.7715 1.572 -0.741433 0.0846072 
9.31853 -37.1036 -3.53613 -10.7318 1.58401 -0.744947 0.0846878 
9.43059 -36.9637 -3.59409 -10.6903 1.59559 -0.748058 0.0847 
9.5325 -36.8233 -3.65143 -10.6471 1.60672 -0.750738 0.0846413 
9.62424 -36.6825 -3.70812 -10.6021 1.61737 -0.752961 0.084509 
9.70581 -36.5413 -3.76413 -10.5554 1.62751 -0.754701 0.0843005 
9.77722 -36.3998 -3.81946 -10.5071 1.63712 -0.755932 0.0840131 
9.83853 -36.2581 -3.8741 -10.457 1.64617 -0.75663 0.0836439 
9.88982 -36.1164 -3.92803 -10.4053 1.65465 -0.756772 0.0831899 
9.9312 -35.9747 -3.98126 -10.352 1.66254 -0.756337 0.0826479 
9.96278 -35.833 -4.03381 -10.2973 1.66981 -0.755302 0.0820147 
9.98473 -35.6916 -4.08567 -10.241 1.67645 -0.753651 0.0812866 
9.99723 -35.5505 -4.13688 -10.1833 1.68246 -0.751365 0.0804601 
10.0005 -35.4098 -4.18746 -10.1243 1.68781 -0.748431 0.0795311 
9.99467 -35.2696 -4.23743 -10.064 1.69251 -0.744835 0.0784956 
9.9801 -35.13 -4.28685 -10.0025 1.69654 -0.740568 0.0773491 
9.95701 -34.9911 -4.33574 -9.93992 1.69989 -0.735624 0.0760871 
9.92569 -34.853 -4.38416 -9.87635 1.70258 -0.729996 0.0747047 
9.88645 -34.7158 -4.43217 -9.81188 1.70459 -0.723686 0.073197 
9.8396 -34.5797 -4.4798 -9.74662 1.70593 -0.716695 0.0715587 
9.7855 -34.4447 -4.52713 -9.68069 1.7066 -0.70903 0.0697846 
9.72448 -34.311 -4.57422 -9.61421 1.70662 -0.700699 0.0678693 
9.6569 -34.1787 -4.62114 -9.54732 1.70598 -0.691718 0.0658075 
9.58314 -34.048 -4.66795 -9.48016 1.7047 -0.682102 0.0635937 
9.50358 -33.9189 -4.71472 -9.41286 1.70279 -0.671873 0.061223 
9.41858 -33.7916 -4.76152 -9.34559 1.70026 -0.661058 0.0586905 
9.32855 -33.6664 -4.80842 -9.2785 1.69714 -0.649684 0.0559917 
9.23384 -33.5432 -4.85549 -9.21175 1.69343 -0.637786 0.0531229 
9.13485 -33.4224 -4.9028 -9.14553 1.68917 -0.625401 0.0500807 
9.03195 -33.3041 -4.9504 -9.08001 1.68436 -0.612569 0.0468628 
8.92548 -33.1885 -4.99836 -9.01537 1.67904 -0.599334 0.043468 
8.81581 -33.0758 -5.04673 -8.9518 1.67322 -0.585745 0.0398961 
8.70325 -32.9662 -5.09556 -8.88949 1.66693 -0.571853 0.0361484 
8.58814 -32.8599 -5.14489 -8.82865 1.66021 -0.557709 0.0322277 
8.47075 -32.7571 -5.19476 -8.76946 1.65306 -0.54337 0.0281387 
8.35136 -32.6581 -5.2452 -8.71213 1.64554 -0.528894 0.0238878 
8.2302 -32.563 -5.29621 -8.65685 1.63765 -0.514338 0.0194835 
8.10749 -32.4722 -5.34782 -8.60384 1.62944 -0.499764 0.0149367 
7.9834 -32.3859 -5.40002 -8.55327 1.62093 -0.485231 0.0102603 
7.85809 -32.3042 -5.45281 -8.50536 1.61216 -0.470799 0.00546978 
7.73165 -32.2275 -5.50616 -8.46028 1.60316 -0.456527 0.000583083 
7.60417 -32.1559 -5.56005 -8.41823 1.59395 -0.442474 -0.0043795 
7.47568 -32.0898 -5.61443 -8.37938 1.58457 -0.428697 -0.00939522 
7.34617 -32.0292 -5.66927 -8.3439 1.57505 -0.415248 -0.014439 
7.21561 -31.9744 -5.7245 -8.31194 1.56541 -0.402179 -0.0194835 
7.08391 -31.9256 -5.78005 -8.28365 1.5557 -0.389537 -0.0244994 
6.95096 -31.883 -5.83587 -8.25918 1.54593 -0.377366 -0.0294556 
6.8166 -31.8467 -5.89186 -8.23863 1.53613 -0.365705 -0.0343193 
6.68066 -31.8168 -5.94794 -8.22211 1.52633 -0.354588 -0.0390568 
6.5429 -31.7935 -6.00403 -8.20973 1.51655 -0.344044 -0.0436332 
6.40309 -31.7767 -6.06003 -8.20154 1.50681 -0.334096 -0.0480133 
6.26096 -31.7667 -6.11586 -8.19761 1.49714 -0.324761 -0.0521622 
6.11619 -31.7634 -6.17142 -8.19798 1.48754 -0.316052 -0.056045 
5.96849 -31.7668 -6.22661 -8.20266 1.47803 -0.307975 -0.0596283 
5.81753 -31.7768 -6.28135 -8.21167 1.46862 -0.300527 -0.0628797 
5.66297 -31.7935 -6.33556 -8.225 1.45932 -0.293703 -0.0657692 
5.50448 -31.8167 -6.38915 -8.2426 1.45013 -0.28749 -0.068269 
5.34171 -31.8462 -6.44205 -8.26445 1.44106 -0.28187 -0.0703546 
5.17433 -31.8821 -6.4942 -8.29046 1.43211 -0.276818 -0.0720045 
5.00201 -31.924 -6.54555 -8.32057 1.42326 -0.272306 -0.0732014 
4.82446 -31.9717 -6.59603 -8.35468 1.41451 -0.268299 -0.0739319 
4.64138 -32.0251 -6.64563 -8.39268 1.40585 -0.264758 -0.0741873 
4.45251 -32.0839 -6.69431 -8.43446 1.39726 -0.261642 -0.0739635 
4.25763 -32.1479 -6.74205 -8.47989 1.38873 -0.258903 -0.0732613 
4.05651 -32.2167 -6.78886 -8.52884 1.38025 -0.256495 -0.0720864 
3.84902 -32.2901 -6.83474 -8.58114 1.37178 -0.254365 -0.0704494 
3.63501 -32.3678 -6.87971 -8.63665 1.3633 -0.25246 -0.068366 
3.41441 -32.4495 -6.92379 -8.69522 1.35479 -0.250728 -0.0658565 
3.18717 -32.5348 -6.96703 -8.75667 1.34623 -0.249113 -0.0629455 
2.95331 -32.6235 -7.00946 -8.82084 1.33759 -0.247562 -0.0596619 
2.71287 -32.7153 -7.05114 -8.88757 1.32884 -0.246021 -0.0560386 
2.46595 -32.8099 -7.09213 -8.95667 1.31996 -0.244438 -0.0521115 
2.2127 -32.9071 -7.13248 -9.02798 1.31093 -0.242762 -0.0479196 
1.95332 -33.0064 -7.17227 -9.10134 1.30171 -0.240946 -0.0435041 
1.68804 -33.1077 -7.21156 -9.17656 1.29228 -0.238944 -0.0389079 
1.41713 -33.2107 -7.25041 -9.25349 1.28264 -0.236714 -0.0341753 
1.14094 -33.3152 -7.2889 -9.33196 1.27275 -0.234218 -0.029351 
0.859805 -33.421 -7.32709 -9.4118 1.26261 -0.231422 -0.0244797 
0.57414 -33.5279 -7.36504 -9.49286 1.2522 -0.228294 -0.0196057 
0.284375 -33.6357 -7.4028 -9.57498 1.24151 -0.224809 -0.014772 
-0.00902527 -33.7441 -7.44042 -9.658 1.23053 -0.220945 -0.01002 
-0.305569 -33.8532 -7.47794 -9.74177 1.21926 -0.216686 -0.00538905 
-0.60474 -33.9628 -7.5154 -9.82614 1.2077 -0.212017 -0.000915925 
-0.906001 -34.0726 -7.55282 -9.91096 1.19586 -0.206933 0.00336551 
-1.2088 -34.1827 -7.59021 -9.99608 1.18374 -0.201428 0.00742459 
-1.51257 -34.2929 -7.62758 -10.0814 1.17134 -0.195505 0.0112341 
-1.81673 -34.4032 -7.66492 -10.1667 1.15869 -0.189169 0.0147706 
-2.1207 -34.5135 -7.70221 -10.2518 1.1458 -0.182428 0.0180141 
-2.4239 -34.6237 -7.73943 -10.3367 1.13267 -0.175296 0.0209488 
-2.72574 -34.7338 -7.77654 -10.4212 1.11934 -0.16779 0.0235626 
-3.02564 -34.8437 -7.81349 -10.5052 1.10583 -0.159929 0.0258469 
-3.32304 -34.9534 -7.85023 -10.5884 1.09215 -0.151736 0.0277971 
-3.61737 -35.0629 -7.88669 -10.6709 1.07834 -0.143237 0.029412 
-3.9081 -35.172 -7.92279 -10.7523 1.06442 -0.134458 0.0306936 
-4.19468 -35.2808 -7.95846 -10.8327 1.05042 -0.125429 0.0316471 
-4.47661 -35.3893 -7.9936 -10.9119 1.03637 -0.11618 0.0322804 
-4.75339 -35.4973 -8.02813 -10.9898 1.0223 -0.106745 0.032604 
-5.02458 -35.6049 -8.06194 -11.0661 1.00823 -0.0971556 0.0326307 
-5.28972 -35.7119 -8.09493 -11.1409 0.994199 -0.087445 0.032375 
-5.54841 -35.8184 -8.12701 -11.214 0.980237 -0.0776469 0.0318534 
-5.80025 -35.9242 -8.15805 -11.2852 0.966374 -0.0677946 0.0310834 
-6.04491 -36.0294 -8.18796 -11.3546 0.95264 -0.0579212 0.0300838 
-6.28205 -36.1338 -8.21662 -11.4218 0.939066 -0.048059 0.028874 
-6.51139 -36.2373 -8.24393 -11.487 0.92568 -0.0382394 0.0274738 
-6.73267 -36.3399 -8.26979 -11.55 0.912513 -0.0284929 0.0259035 
-6.94567 -36.4415 -8.29409 -11.6106 0.899593 -0.0188485 0.0241832 
-7.15019 -36.542 -8.31674 -11.6689 0.88695 -0.00933399 0.0223329 
-7.34607 -36.6413 -8.33764 -11.7248 0.874612 2.43852e-05 0.0203721 
-7.5332 -36.7393 -8.3567 -11.7782 0.862607 0.00920203 0.0183198 
-7.71147 -36.8358 -8.37386 -11.829 0.850962 0.018176 0.0161944 
-7.88082 -36.9308 -8.38901 -11.8773 0.839705 0.0269252 0.0140135 
-8.04123 -37.0242 -8.40211 -11.9229 0.828861 0.03543 0.0117935 
-8.19269 -37.1158 -8.41309 -11.966 0.818457 0.0436729 0.00955017 
-8.33522 -37.2055 -8.42189 -12.0064 0.808519 0.0516379 0.00729811 
-8.46889 -37.2932 -8.42846 -12.0442 0.799072 0.0593106 0.00505087 
-8.59376 -37.3787 -8.43278 -12.0793 0.790139 0.0666785 0.00282093 
-8.70995 -37.462 -8.4348 -12.1119 0.781746 0.0737304 0.000619685 
-8.81758 -37.5429 -8.43451 -12.1418 0.773915 0.0804569 -0.00154252 
-8.9168 -37.6212 -8.4319 -12.1693 0.76667 0.0868497 -0.00365641 
-9.00776 -37.6969 -8.42696 -12.1942 0.760033 0.0929021 -0.0057137 
-9.09066 -37.7699 -8.41969 -12.2166 0.754024 0.0986084 -0.00770709 
-9.16569 -37.8399 -8.41011 -12.2367 0.748664 0.103964 -0.00963018 
-9.23306 -37.907 -8.39824 -12.2544 0.743974 0.108965 -0.0114775 
-9.29299 -37.9709 -8.3841 -12.2698 0.739971 0.11361 -0.0132443 
-9.34572 -38.0316 -8.36772 -12.2831 0.736674 0.117896 -0.0149267 
-9.39149 -38.089 -8.34916 -12.2942 0.734099 0.121822 -0.0165214 
-9.43053 -38.1431 -8.32845 -12.3033 0.732261 0.125388 -0.0180258 
-9.4631 -38.1936 -8.30565 -12.3104 0.731174 0.128594 -0.0194379 
-9.48945 -38.2405 -8.28083 -12.3156 0.73085 0.131439 -0.0207563 
-9.50983 -38.2839 -8.25404 -12.3191 0.731302 0.133925 -0.0219798 
-9.52449 -38.3235 -8.22536 -12.3209 0.732537 0.136052 -0.0231079 
-9.53368 -38.3594 -8.19487 -12.321 0.734564 0.137822 -0.0241403 
-9.53765 -38.3914 -8.16264 -12.3196 0.73739 0.139236 -0.0250772 
-9.53662 -38.4197 -8.12875 -12.3168 0.741017 0.140295 -0.0259188 
-9.53085 -38.444 -8.09329 -12.3127 0.745449 0.141001 -0.0266657 
-9.52054 -38.4646 -8.05635 -12.3073 0.750686 0.141354 -0.0273188 
-9.50592 -38.4812 -8.01802 -12.3006 0.756726 0.141357 -0.0278791 
-9.4872 -38.4939 -7.97839 -12.2929 0.763565 0.14101 -0.0283475 
-9.46457 -38.5028 -7.93756 -12.2842 0.771199 0.140316 -0.0287255 
-9.43823 -38.5079 -7.89561 -12.2745 0.779618 0.139274 -0.0290143 
-9.40834 -38.5092 -7.85264 -12.2639 0.788814 0.137887 -0.0292153 
-9.37507 -38.5067 -7.80874 -12.2524 0.798774 0.136155 -0.0293302 
-9.33858 -38.5005 -7.76402 -12.2402 0.809484 0.13408 -0.0293604 
-9.29899 -38.4907 -7.71855 -12.2273 0.820928 0.131663 -0.0293075 
-9.25644 -38.4774 -7.67244 -12.2137 0.833089 0.128905 -0.0291734 
-9.21104 -38.4605 -7.62577 -12.1995 0.845945 0.125808 -0.0289596 
-9.1629 -38.4403 -7.57863 -12.1847 0.859475 0.122374 -0.028668 
-9.11209 -38.4169 -7.5311 -12.1693 0.873656 0.118604 -0.0283004 
-9.05869 -38.3902 -7.48328 -12.1535 0.888461 0.1145 -0.0278587 
-9.00277 -38.3606 -7.43523 -12.1372 0.903864 0.110065 -0.0273448 
-8.94437 -38.328 -7.38705 -12.1204 0.919835 0.1053 -0.0267608 
-8.88353 -38.2926 -7.3388 -12.1032 0.936345 0.100211 -0.0261088 
-8.82028 -38.2547 -7.29056 -12.0855 0.953362 0.0947985 -0.025391 
-8.75462 -38.2142 -7.2424 -12.0675 0.970853 0.0890684 -0.0246095 
-8.68656 -38.1715 -7.19439 -12.0491 0.988784 0.0830248 -0.0237669 
-8.61609 -38.1265 -7.14658 -12.0302 1.00712 0.0766728 -0.0228655 
-8.54319 -38.0796 -7.09904 -12.011 1.02583 0.0700182 -0.0219081 
-8.46783 -38.0309 -7.05183 -11.9915 1.04487 0.0630675 -0.0208973 
-8.38998 -37.9805 -7.005 -11.9716 1.0642 0.0558279 -0.0198361 
-8.30959 -37.9286 -6.9586 -11.9513 1.0838 0.0483073 -0.0187276 
-8.22659 -37.8755 -6.91267 -11.9306 1.10362 0.0405143 -0.0175749 
-8.14093 -37.8212 -6.86727 -11.9096 1.12362 0.0324582 -0.0163814 
-8.05255 -37.766 -6.82243 -11.8882 1.14377 0.0241493 -0.0151508 
-7.96136 -37.7101 -6.7782 -11.8665 1.16403 0.0155984 -0.0138867 
-7.86729 -37.6537 -6.73459 -11.8443 1.18436 0.00681717 -0.0125931 
-7.77024 -37.5969 -6.69166 -11.8219 1.20473 -0.00218203 -0.0112741 
-7.67014 -37.5399 -6.64943 -11.799 1.22509 -0.0113862 -0.00993406 
-7.56689 -37.4829 -6.60792 -11.7758 1.24543 -0.0207815 -0.00857749 
-7.46041 -37.426 -6.56716 -11.7523 1.26569 -0.0303538 -0.00720908 
-7.35058 -37.3695 -6.52717 -11.7283 1.28585 -0.0400881 -0.00583368 
-7.23733 -37.3135 -6.48797 -11.7041 1.30587 -0.0499692 -0.00445632 
-7.12056 -37.2582 -6.44958 -11.6795 1.32573 -0.059981 -0.0030822 
-7.00018 -37.2037 -6.41201 -11.6546 1.3454 -0.0701077 -0.00171663 
-6.87609 -37.1501 -6.37528 -11.6293 1.36484 -0.0803326 -0.000365072 
-6.74822 -37.0977 -6.3394 -11.6038 1.38403 -0.0906392 0.000966942 
-6.61648 -37.0465 -6.30438 -11.5779 1.40294 -0.101011 0.0022738 
-6.4808 -36.9966 -6.27023 -11.5518 1.42155 -0.111431 0.00354982 
-6.34111 -36.9483 -6.23696 -11.5254 1.43983 -0.121882 0.00478935 
-6.19735 -36.9015 -6.20456 -11.4988 1.45778 -0.132348 0.00598672 
-6.04946 -36.8564 -6.17306 -11.4719 1.47536 -0.142813 0.00713632 
-5.89741 -36.813 -6.14244 -11.4449 1.49255 -0.153261 0.00823264 
-5.74117 -36.7715 -6.11272 -11.4177 1.50936 -0.163676 0.00927029 
-5.5807 -36.7319 -6.08389 -11.3903 1.52575 -0.174044 0.0102441 
-5.41601 -36.6942 -6.05595 -11.3628 1.54173 -0.184349 0.011149 
-5.2471 -36.6585 -6.02891 -11.3353 1.55727 -0.194579 0.0119803 
-5.07398 -36.6248 -6.00277 -11.3076 1.57237 -0.20472 0.0127335 
-4.89669 -36.5931 -5.97751 -11.28 1.58703 -0.21476 0.0134045 
-4.71527 -36.5635 -5.95314 -11.2524 1.60123 -0.224688 0.0139897 
-4.52979 -36.5358 -5.92966 -11.2248 1.61498 -0.234494 0.0144856 
-4.34033 -36.5102 -5.90705 -11.1972 1.62828 -0.244167 0.0148894 
-4.14698 -36.4866 -5.88532 -11.1698 1.64112 -0.253699 0.0151988 
-3.94985 -36.4649 -5.86445 -11.1426 1.65351 -0.263083 0.0154119 
-3.74908 -36.4452 -5.84445 -11.1155 1.66545 -0.272311 0.0155273 
-3.54481 -36.4273 -5.8253 -11.0886 1.67694 -0.28138 0.0155442 
-3.33719 -36.4112 -5.80699 -11.0619 1.68799 -0.290282 0.0154625 
-3.12641 -36.3968 -5.78952 -11.0356 1.69861 -0.299016 0.0152826 
-2.91267 -36.3841 -5.77287 -11.0096 1.70881 -0.307577 0.0150053 
-2.69618 -36.3729 -5.75704 -10.9839 1.7186 -0.315965 0.0146321 
-2.47715 -36.3632 -5.742 -10.9586 1.72798 -0.324178 0.0141653 
-2.25584 -36.355 -5.72775 -10.9337 1.73698 -0.332215 0.0136073 
-2.0325 -36.348 -5.71428 -10.9093 1.74559 -0.340077 0.0129614 
-1.80739 -36.3423 -5.70156 -10.8853 1.75384 -0.347766 0.0122313 
-1.5808 -36.3376 -5.68959 -10.8619 1.76174 -0.355283 0.0114211 
-1.35302 -36.334 -5.67835 -10.839 1.7693 -0.36263 0.0105353 
-1.12434 -36.3313 -5.66781 -10.8166 1.77654 -0.369811 0.00957896 
-0.895096 -36.3294 -5.65798 -10.7948 1.78347 -0.376828 0.00855742 
-0.665589 -36.3282 -5.64881 -10.7737 1.7901 -0.383686 0.00747626 
-0.436149 -36.3277 -5.6403 -10.7531 1.79646 -0.390387 0.00634139 
-0.207108 -36.3276 -5.63243 -10.7332 1.80255 -0.396938 0.00515886 
0.0212014 -36.328 -5.62518 -10.714 1.8084 -0.403341 0.00393491 
0.24844 -36.3287 -5.61852 -10.6954 1.81401 -0.409602 0.00267585 
0.474271 -36.3297 -5.61244 -10.6775 1.81939 -0.415725 0.00138802 
0.698354 -36.3309 -5.60691 -10.6604 1.82457 -0.421715 7.77586e-05 
0.920354 -36.3321 -5.60192 -10.6439 1.82956 -0.427576 -0.00124866 
1.13994 -36.3334 -5.59745 -10.6281 1.83436 -0.433313 -0.00258508 
1.35677 -36.3346 -5.59346 -10.6131 1.83899 -0.43893 -0.00392552 
1.57053 -36.3357 -5.58995 -10.5987 1.84346 -0.444431 -0.00526419 
1.78091 -36.3367 -5.58689 -10.5851 1.84778 -0.449821 -0.00659554 
1.98759 -36.3374 -5.58426 -10.5722 1.85197 -0.455103 -0.00791431 
2.19026 -36.3379 -5.58203 -10.5601 1.85602 -0.460281 -0.00921555 
2.38865 -36.3381 -5.5802 -10.5486 1.85994 -0.465359 -0.0104946 
2.58247 -36.338 -5.57874 -10.5378 1.86376 -0.470338 -0.0117473 
2.77145 -36.3375 -5.57763 -10.5277 1.86746 -0.475222 -0.0129698 
2.95535 -36.3366 -5.57686 -10.5183 1.87106 -0.480014 -0.0141584 
3.13391 -36.3354 -5.5764 -10.5095 1.87457 -0.484715 -0.0153102 
3.30692 -36.3337 -5.57624 -10.5015 1.87798 -0.489328 -0.0164225 
3.47415 -36.3317 -5.57636 -10.494 1.8813 -0.493854 -0.017493 
3.63542 -36.3293 -5.57675 -10.4872 1.88453 -0.498295 -0.0185198 
3.79054 -36.3265 -5.57739 -10.481 1.88769 -0.502652 -0.0195015 
3.93935 -36.3234 -5.57827 -10.4754 1.89076 -0.506926 -0.0204369 
4.0817 -36.32 -5.57937 -10.4704 1.89376 -0.511117 -0.0213253 
4.21746 -36.3162 -5.58069 -10.4659 1.89668 -0.515227 -0.0221663 
4.34651 -36.3122 -5.58221 -10.462 1.89952 -0.519256 -0.0229599 
4.46875 -36.308 -5.58392 -10.4587 1.9023 -0.523204 -0.0237063 
4.58411 -36.3035 -5.58581 -10.4559 1.905 -0.527072 -0.0244061 
4.69251 -36.299 -5.58787 -10.4535 1.90762 -0.530859 -0.02506 
4.79391 -36.2943 -5.5901 -10.4517 1.91018 -0.534567 -0.0256693 
4.88827 -36.2896 -5.59249 -10.4503 1.91267 -0.538194 -0.0262351 
4.97558 -36.285 -5.59503 -10.4495 1.91509 -0.541742 -0.0267588 
5.05582 -36.2804 -5.59772 -10.449 1.91744 -0.54521 -0.0272422 
5.12902 -36.276 -5.60054 -10.449 1.91972 -0.548598 -0.027687 
5.1952 -36.2717 -5.6035 -10.4495 1.92194 -0.551907 -0.028095 
5.2544 -36.2678 -5.6066 -10.4504 1.92409 -0.555138 -0.0284683 
5.30667 -36.2642 -5.60983 -10.4516 1.92618 -0.55829 -0.028809 
5.35208 -36.261 -5.61318 -10.4533 1.92821 -0.561364 -0.029119 
5.3907 -36.2582 -5.61667 -10.4554 1.93018 -0.56436 -0.0294005 
5.42263 -36.256 -5.62028 -10.4579 1.93208 -0.567281 -0.0296558 
5.44797 -36.2544 -5.62401 -10.4608 1.93394 -0.570125 -0.0298868 
5.46683 -36.2535 -5.62787 -10.4641 1.93574 -0.572896 -0.0300957 
5.47933 -36.2534 -5.63185 -10.4677 1.93749 -0.575593 -0.0302845 
5.48559 -36.2541 -5.63596 -10.4718 1.93919 -0.578219 -0.0304553 
5.48575 -36.2556 -5.64019 -10.4762 1.94085 -0.580774 -0.0306099 
5.47997 -36.2581 -5.64456 -10.481 1.94247 -0.583261 -0.0307503 
5.46838 -36.2615 -5.64905 -10.4862 1.94405 -0.585681 -0.0308782 
5.45116 -36.2661 -5.65367 -10.4917 1.9456 -0.588037 -0.0309952 
5.42845 -36.2717 -5.65842 -10.4977 1.94713 -0.59033 -0.031103 
5.40044 -36.2785 -5.6633 -10.5041 1.94863 -0.592563 -0.0312031 
5.3673 -36.2866 -5.66831 -10.5108 1.95011 -0.594739 -0.0312968 
5.32919 -36.2959 -5.67347 -10.5179 1.95157 -0.596859 -0.0313853 
5.28631 -36.3065 -5.67875 -10.5255 1.95303 -0.598926 -0.0314698 
5.23882 -36.3184 -5.68418 -10.5334 1.95448 -0.600944 -0.0315514 
5.18693 -36.3318 -5.68975 -10.5418 1.95593 -0.602915 -0.0316309 
5.13082 -36.3465 -5.69546 -10.5506 1.95739 -0.604841 -0.0317091 
5.07067 -36.3627 -5.7013 -10.5598 1.95886 -0.606726 -0.0317868 
5.00667 -36.3804 -5.7073 -10.5694 1.96034 -0.608573 -0.0318645 
4.93901 -36.3996 -5.71343 -10.5794 1.96184 -0.610384 -0.0319427 
4.86789 -36.4203 -5.71971 -10.5899 1.96336 -0.612162 -0.0320219 
4.79348 -36.4425 -5.72613 -10.6008 1.96492 -0.613911 -0.0321022 
4.71598 -36.4663 -5.7327 -10.6121 1.96651 -0.615634 -0.0321839 
4.63558 -36.4916 -5.7394 -10.6239 1.96813 -0.617333 -0.0322671 
4.55246 -36.5185 -5.74625 -10.6361 1.9698 -0.619011 -0.0323518 
4.46681 -36.5469 -5.75324 -10.6487 1.97151 -0.620671 -0.0324381 
4.3788 -36.5768 -5.76037 -10.6618 1.97327 -0.622316 -0.0325257 
4.28863 -36.6082 -5.76764 -10.6753 1.97509 -0.623947 -0.0326145 
4.19646 -36.6412 -5.77504 -10.6892 1.97696 -0.625569 -0.0327043 
4.10247 -36.6756 -5.78257 -10.7036 1.9789 -0.627183 -0.0327949 
4.00684 -36.7115 -5.79023 -10.7184 1.98089 -0.628792 -0.0328857 
3.90974 -36.7489 -5.79802 -10.7336 1.98295 -0.630397 -0.0329766 
3.81134 -36.7877 -5.80593 -10.7493 1.98507 -0.632001 -0.0330671 
3.7118 -36.8278 -5.81395 -10.7653 1.98727 -0.633605 -0.0331567 
3.61128 -36.8693 -5.82209 -10.7817 1.98953 -0.635212 -0.033245 
3.50995 -36.9121 -5.83034 -10.7986 1.99187 -0.636823 -0.0333316 
3.40796 -36.9562 -5.83869 -10.8158 1.99428 -0.63844 -0.0334159 
3.30546 -37.0014 -5.84714 -10.8334 1.99676 -0.640063 -0.0334975 
3.20261 -37.0479 -5.85568 -10.8514 1.99931 -0.641694 -0.0335757 
3.09955 -37.0954 -5.8643 -10.8697 2.00194 -0.643334 -0.0336503 
2.99643 -37.144 -5.873 -10.8883 2.00464 -0.644983 -0.0337205 
2.89338 -37.1937 -5.88178 -10.9072 2.00741 -0.646643 -0.033786 
2.79055 -37.2442 -5.89061 -10.9265 2.01025 -0.648313 -0.0338463 
2.68807 -37.2957 -5.89951 -10.946 2.01316 -0.649994 -0.0339008 
2.58606 -37.3479 -5.90845 -10.9658 2.01614 -0.651687 -0.0339492 
2.48466 -37.4009 -5.91743 -10.9859 2.01919 -0.65339 -0.0339909 
2.384 -37.4547 -5.92645 -11.0062 2.0223 -0.655105 -0.0340257 
2.28419 -37.509 -5.93548 -11.0266 2.02547 -0.65683 -0.034053 
2.18535 -37.5639 -5.94454 -11.0473 2.0287 -0.658565 -0.0340726 
2.0876 -37.6192 -5.95359 -11.0682 2.03198 -0.66031 -0.034084 
1.99104 -37.675 -5.96265 -11.0891 2.03532 -0.662063 -0.034087 
1.8958 -37.7311 -5.97169 -11.1102 2.03871 -0.663825 -0.0340813 
1.80196 -37.7875 -5.98071 -11.1314 2.04214 -0.665594 -0.0340667 
1.70963 -37.844 -5.98969 -11.1527 2.04561 -0.667368 -0.0340428 
1.61892 -37.9007 -5.99864 -11.174 2.04912 -0.669147 -0.0340096 
1.52991 -37.9574 -6.00753 -11.1953 2.05266 -0.670929 -0.0339668 
1.4427 -38.0141 -6.01636 -11.2166 2.05623 -0.672714 -0.0339143 
1.35738 -38.0706 -6.02512 -11.2379 2.05983 -0.674498 -0.0338521 
1.27402 -38.127 -6.0338 -11.2592 2.06344 -0.676282 -0.0337799 
1.19272 -38.1831 -6.04238 -11.2803 2.06707 -0.678063 -0.0336979 
1.11354 -38.2388 -6.05087 -11.3013 2.0707 -0.67984 -0.0336059 
1.03657 -38.2942 -6.05924 -11.3222 2.07434 -0.68161 -0.033504 
0.961868 -38.349 -6.0675 -11.3429 2.07798 -0.683372 -0.0333922 
0.889508 -38.4033 -6.07562 -11.3635 2.08162 -0.685125 -0.0332705 
0.819551 -38.457 -6.0836 -11.3838 2.08524 -0.686865 -0.0331391 
0.752057 -38.5099 -6.09143 -11.4038 2.08885 -0.688593 -0.0329981 
0.687082 -38.5621 -6.09911 -11.4236 2.09243 -0.690304 -0.0328476 
0.624677 -38.6134 -6.10661 -11.4431 2.09599 -0.691999 -0.0326877 
0.564891 -38.6638 -6.11394 -11.4623 2.09952 -0.693673 -0.0325187 
0.507768 -38.7132 -6.12108 -11.4811 2.10301 -0.695327 -0.0323407 
0.453349 -38.7616 -6.12803 -11.4995 2.10645 -0.696957 -0.032154 
0.40167 -38.8088 -6.13477 -11.5175 2.10985 -0.698562 -0.0319587 
0.352763 -38.8549 -6.1413 -11.5351 2.1132 -0.70014 -0.0317551 
0.306658 -38.8997 -6.14762 -11.5523 2.11649 -0.701689 -0.0315434 
0.263378 -38.9433 -6.1537 -11.569 2.11972 -0.703207 -0.0313241 
0.222944 -38.9855 -6.15956 -11.5851 2.12288 -0.704693 -0.0310972 
0.185373 -39.0262 -6.16517 -11.6008 2.12597 -0.706144 -0.0308632 
0.150676 -39.0655 -6.17053 -11.6159 2.12898 -0.707559 -0.0306223 
0.118863 -39.1033 -6.17564 -11.6305 2.13191 -0.708936 -0.0303749 
0.0899369 -39.1396 -6.18049 -11.6444 2.13475 -0.710273 -0.0301213 
0.0638978 -39.1742 -6.18507 -11.6578 2.13751 -0.711569 -0.0298617 
0.0407416 -39.2072 -6.18939 -11.6706 2.14018 -0.712823 -0.0295967 
0.02046 -39.2384 -6.19342 -11.6827 2.14274 -0.714032 -0.0293264 
0.00304065 -39.268 -6.19718 -11.6941 2.14521 -0.715195 -0.0290512 
