[-0.000975081, -39.2951, -6.17935, -11.7213, 2.15205, -0.705533, -0.0278701;...
-0.00951362, -39.3055, -6.2056, -11.7291, 2.15359, -0.718176, -0.0276554;...
-0.0212392, -39.3312, -6.20903, -11.7391, 2.15558, -0.719189, -0.0273658;...
-0.0301835, -39.355, -6.2122, -11.7483, 2.15747, -0.720155, -0.0270758;...
-0.0363755, -39.377, -6.21509, -11.7568, 2.15926, -0.721073, -0.0267861;...
-0.0398476, -39.397, -6.21772, -11.7646, 2.16094, -0.721941, -0.0264969;...
-0.040636, -39.4151, -6.22007, -11.7717, 2.16251, -0.722759, -0.0262087;...
-0.0387816, -39.4313, -6.22215, -11.778, 2.16397, -0.723525, -0.025922;...
-0.0343281, -39.4455, -6.20041, -11.7836, 2.16531, -0.724238, -0.0256371;...
-0.0273233, -39.4577, -6.20193, -11.7884, 2.16654, -0.724898, -0.0253544;...
-0.0178186, -39.4679, -6.20316, -11.7924, 2.16766, -0.725504, -0.0250743;...
-0.00586919, -39.4761, -6.20412, -11.7956, 2.16865, -0.726056, -0.0247973;...
0.00846651, -39.4823, -6.2048, -11.7981, 2.16952, -0.726551, -0.0245237;...
0.0251266, -39.4865, -6.2052, -11.7997, 2.17027, -0.72699, -0.0242539;...
0.0440458, -39.4886, -6.20532, -11.8006, 2.17089, -0.727372, -0.0239883;...
0.0651554, -39.4887, -6.20516, -11.8007, 2.17139, -0.727697, -0.0237272;...
0.0883847, -39.4867, -6.20472, -11.8, 2.17176, -0.727963, -0.0234712;...
0.113658, -39.4828, -6.20401, -11.7985, 2.172, -0.728171, -0.0232204;...
0.138949, -39.4768, -6.20303, -11.7962, 2.17211, -0.728321, -0.0229753;...
0.168078, -39.4688, -6.20177, -11.7931, 2.1721, -0.72841, -0.0227363;...
0.19901, -39.4587, -6.20025, -11.7892, 2.17195, -0.72844, -0.0225037;...
0.231662, -39.4468, -6.19847, -11.7846, 2.17167, -0.728411, -0.0222779;...
0.265946, -39.4328, -6.19642, -11.7791, 2.17127, -0.728321, -0.0220591;...
0.301773, -39.4169, -6.19412, -11.7729, 2.17073, -0.72817, -0.0218478;...
0.339049, -39.3991, -6.19156, -11.7659, 2.17006, -0.727959, -0.0216443;...
0.377683, -39.3794, -6.18875, -11.7582, 2.16926, -0.727687, -0.0214489;...
0.417577, -39.3578, -6.1857, -11.7497, 2.16832, -0.727353, -0.0212618;...
0.458639, -39.3344, -6.18241, -11.7404, 2.16726, -0.726959, -0.0210835;...
0.500762, -39.3092, -6.17889, -11.7305, 2.16607, -0.726504, -0.0209142;...
0.543855, -39.2822, -6.17513, -11.7198, 2.16474, -0.725988, -0.0207543;...
0.587817, -39.2535, -6.17115, -11.7084, 2.16329, -0.72541, -0.0206039;...
0.63254, -39.2231, -6.16696, -11.6963, 2.1617, -0.724771, -0.0204634;...
0.677925, -39.191, -6.16255, -11.6835, 2.15999, -0.724072, -0.020333;...
0.723872, -39.1573, -6.15794, -11.6701, 2.15815, -0.723311, -0.0202131;...
0.770272, -39.1221, -6.15312, -11.656, 2.15618, -0.72249, -0.0201037;...
0.817027, -39.0854, -6.14812, -11.6413, 2.15408, -0.721607, -0.0200052;...
0.864032, -39.0472, -6.14293, -11.6259, 2.15186, -0.720665, -0.0199178;...
0.911181, -39.0077, -6.13755, -11.61, 2.14951, -0.719662, -0.0198417;...
0.958375, -38.9667, -6.13201, -11.5935, 2.14704, -0.718599, -0.0197771;...
1.00551, -38.9245, -6.1263, -11.5764, 2.14445, -0.717476, -0.019724;...
1.05248, -38.8811, -6.12043, -11.5588, 2.14173, -0.716294, -0.0196828;...
1.09919, -38.8365, -6.11441, -11.5406, 2.1389, -0.715053, -0.0196535;...
1.14554, -38.7908, -6.10825, -11.522, 2.13594, -0.713754, -0.0196363;...
1.19142, -38.744, -6.10196, -11.5028, 2.13286, -0.712396, -0.0196312;...
1.23674, -38.6963, -6.09553, -11.4832, 2.12967, -0.71098, -0.0196383;...
1.28141, -38.6476, -6.08898, -11.4632, 2.12636, -0.709507, -0.0196577;...
1.32532, -38.5981, -6.08233, -11.4428, 2.12294, -0.707978, -0.0196894;...
1.36839, -38.5478, -6.07556, -11.422, 2.1194, -0.706392, -0.0197334;...
1.41052, -38.4969, -6.0687, -11.4008, 2.11575, -0.704752, -0.0197897;...
1.45162, -38.4453, -6.06175, -11.3793, 2.11199, -0.703056, -0.0198582;...
1.4916, -38.3931, -6.05472, -11.3574, 2.10812, -0.701307, -0.0199389;...
1.53038, -38.3405, -6.04762, -11.3353, 2.10414, -0.699505, -0.0200316;...
1.56788, -38.2874, -6.04045, -11.313, 2.10006, -0.697651, -0.0201363;...
1.60401, -38.234, -6.03322, -11.2903, 2.09587, -0.695745, -0.0202526;...
1.63869, -38.1804, -6.02595, -11.2675, 2.09157, -0.69379, -0.0203806;...
1.67185, -38.1265, -6.01863, -11.2445, 2.08718, -0.691785, -0.0205198;...
1.7034, -38.0726, -6.01128, -11.2214, 2.08268, -0.689733, -0.0206701;...
1.73329, -38.0283, -6.0039, -11.1981, 2.07808, -0.687633, -0.0208311;...
1.76144, -37.9744, -5.99651, -11.1747, 2.07339, -0.685489, -0.0210025;...
1.78778, -37.9206, -5.98911, -11.1513, 2.0686, -0.6833, -0.0211839;...
1.81225, -37.867, -5.9817, -11.1278, 2.06372, -0.681069, -0.021375;...
1.83479, -37.8137, -5.9743, -11.1043, 2.05874, -0.678796, -0.0215752;...
1.85533, -37.7607, -5.96691, -11.0808, 2.05368, -0.676484, -0.0217841;...
1.87382, -37.7081, -5.95954, -11.0574, 2.04852, -0.674134, -0.0220012;...
1.89022, -37.6561, -5.9522, -11.034, 2.04328, -0.671748, -0.0222259;...
1.90445, -37.6046, -5.9449, -11.0107, 2.03796, -0.669327, -0.0224576;...
1.91649, -37.5538, -5.93764, -10.9876, 2.03255, -0.666873, -0.0226958;...
1.92628, -37.5038, -5.93043, -10.9646, 2.02706, -0.664389, -0.0229397;...
1.93377, -37.4545, -5.92327, -10.9418, 2.02149, -0.661876, -0.0231888;...
1.93892, -37.4061, -5.91618, -10.9192, 2.01584, -0.659337, -0.0234422;...
1.94171, -37.3586, -5.90916, -10.8968, 2.01012, -0.656773, -0.0236993;...
1.94209, -37.3122, -5.90222, -10.8747, 2.00432, -0.654186, -0.0239593;...
1.94002, -37.2668, -5.89536, -10.8529, 1.99846, -0.65158, -0.0242215;...
1.93548, -37.2226, -5.8886, -10.8314, 1.99252, -0.648955, -0.024485;...
1.92844, -37.1796, -5.88193, -10.8102, 1.98652, -0.646315, -0.024749;...
1.91886, -37.1379, -5.87537, -10.7894, 1.98045, -0.643662, -0.0250127;...
1.90673, -37.0975, -5.86891, -10.769, 1.97432, -0.640998, -0.0252754;...
1.89203, -37.0586, -5.86257, -10.7491, 1.96812, -0.638325, -0.025536;...
1.87472, -37.0211, -5.85636, -10.7295, 1.96187, -0.635647, -0.0257939;...
1.85481, -36.9851, -5.85027, -10.7104, 1.95557, -0.632966, -0.0260482;...
1.83226, -36.9507, -5.84432, -10.6918, 1.9492, -0.630284, -0.026298;...
1.80706, -36.9179, -5.8385, -10.6737, 1.94279, -0.627603, -0.0265427;...
1.77921, -36.8869, -5.83283, -10.6562, 1.93632, -0.624927, -0.0267813;...
1.74869, -36.8575, -5.82731, -10.6391, 1.92981, -0.622259, -0.0270131;...
1.7155, -36.8299, -5.82195, -10.6226, 1.92325, -0.619599, -0.0272373;...
1.67964, -36.8042, -5.81675, -10.6068, 1.91664, -0.616952, -0.0274534;...
1.64108, -36.7803, -5.81172, -10.5914, 1.91, -0.61432, -0.0276605;...
1.59985, -36.7583, -5.80685, -10.5768, 1.90331, -0.611705, -0.0278581;...
1.55594, -36.7383, -5.80216, -10.5627, 1.89659, -0.60911, -0.0280456;...
1.50935, -36.7202, -5.79765, -10.5492, 1.88982, -0.606537, -0.0282225;...
1.46009, -36.7041, -5.79333, -10.5364, 1.88303, -0.60399, -0.0283884;...
1.40816, -36.6901, -5.78919, -10.5243, 1.8762, -0.601469, -0.0285427;...
1.35358, -36.6781, -5.78525, -10.5128, 1.86933, -0.598979, -0.0286851;...
1.29636, -36.6682, -5.7815, -10.502, 1.86244, -0.596521, -0.0288155;...
1.23652, -36.6604, -5.77795, -10.4919, 1.85552, -0.594097, -0.0289335;...
1.17407, -36.6547, -5.77461, -10.4824, 1.84857, -0.59171, -0.029039;...
1.10903, -36.6512, -5.77147, -10.4737, 1.84159, -0.589364, -0.0291321;...
1.04144, -36.6498, -5.76854, -10.4656, 1.83459, -0.587058, -0.0292127;...
0.971311, -36.6505, -5.76583, -10.4582, 1.82756, -0.584795, -0.0292808;...
0.89868, -36.6534, -5.76332, -10.4514, 1.82051, -0.582579, -0.0293368;...
0.823576, -36.6585, -5.76103, -10.4454, 1.81343, -0.58041, -0.0293809;...
0.746039, -36.6657, -5.75896, -10.44, 1.80633, -0.578291, -0.0294133;...
0.666105, -36.6751, -5.7571, -10.4353, 1.79921, -0.576225, -0.0294346;...
0.583824, -36.6865, -5.75546, -10.4312, 1.79207, -0.574211, -0.0294452;...
0.499234, -36.7002, -5.75405, -10.4278, 1.7849, -0.572253, -0.0294457;...
0.412394, -36.7159, -5.75285, -10.425, 1.77771, -0.570353, -0.0294367;...
0.323355, -36.7337, -5.75186, -10.4228, 1.77049, -0.568511, -0.0294189;...
0.232174, -36.7535, -5.75109, -10.4212, 1.76325, -0.566729, -0.0293931;...
0.138917, -36.7754, -5.75053, -10.4201, 1.75599, -0.56501, -0.0293601;...
0.0436452, -36.7993, -5.75018, -10.4196, 1.7487, -0.563354, -0.0293209;...
-0.0535681, -36.8252, -5.75004, -10.4197, 1.74138, -0.561764, -0.0292763;...
-0.15265, -36.853, -5.75009, -10.4202, 1.73403, -0.560239, -0.0292273;...
-0.253517, -36.8827, -5.75034, -10.4212, 1.72665, -0.558783, -0.0291749;...
-0.356091, -36.9143, -5.75078, -10.4227, 1.71924, -0.557395, -0.0291201;...
-0.460287, -36.9476, -5.7514, -10.4246, 1.7118, -0.556077, -0.0290639;...
-0.566009, -36.9827, -5.75219, -10.4268, 1.70432, -0.55483, -0.0290075;...
-0.673164, -37.0195, -5.75315, -10.4294, 1.6968, -0.553656, -0.0289518;...
-0.781656, -37.0579, -5.75426, -10.4323, 1.68925, -0.552555, -0.0288979;...
-0.891379, -37.0979, -5.75551, -10.4355, 1.68165, -0.551528, -0.028847;...
-1.00222, -37.1393, -5.7569, -10.4389, 1.67401, -0.550576, -0.0287998;...
-1.11408, -37.1823, -5.7584, -10.4425, 1.66632, -0.5497, -0.0287575;...
-1.22685, -37.2265, -5.76001, -10.4462, 1.65859, -0.548902, -0.0287211;...
-1.3404, -37.272, -5.7617, -10.45, 1.6508, -0.548179, -0.0286913;...
-1.45461, -37.3188, -5.76348, -10.4538, 1.64296, -0.547536, -0.0286692;...
-1.56937, -37.3666, -5.7653, -10.4576, 1.63507, -0.546971, -0.0286554;...
-1.68454, -37.4155, -5.76717, -10.4614, 1.62712, -0.546485, -0.0286508;...
-1.8, -37.4653, -5.76906, -10.4651, 1.61911, -0.546079, -0.0286561;...
-1.91562, -37.5159, -5.77096, -10.4685, 1.61105, -0.545753, -0.0286718;...
-2.03126, -37.5673, -5.77283, -10.4718, 1.60291, -0.545507, -0.0286984;...
-2.1468, -37.6194, -5.77467, -10.4748, 1.59472, -0.545343, -0.0287366;...
-2.2621, -37.6719, -5.77645, -10.4774, 1.58647, -0.54526, -0.0287865;...
-2.37702, -37.7249, -5.77815, -10.4797, 1.57814, -0.545258, -0.0288485;...
-2.49143, -37.7783, -5.77976, -10.4815, 1.56975, -0.545339, -0.0289229;...
-2.60519, -37.8318, -5.78124, -10.4827, 1.5613, -0.545501, -0.0290098;...
-2.71816, -37.8855, -5.78258, -10.4834, 1.55278, -0.545745, -0.029109;...
-2.83021, -37.9391, -5.78376, -10.4835, 1.54419, -0.546071, -0.029221;...
-2.94121, -37.9926, -5.78475, -10.4828, 1.53554, -0.546479, -0.0293451;...
-3.05103, -38.0459, -5.78554, -10.4814, 1.52682, -0.54697, -0.0294812;...
-3.15949, -38.0987, -5.78611, -10.4792, 1.51804, -0.547543, -0.0296294;...
-3.26652, -38.1511, -5.78644, -10.4761, 1.50921, -0.548198, -0.029789;...
-3.37196, -38.2029, -5.78651, -10.472, 1.50031, -0.548936, -0.0299596;...
-3.47568, -38.254, -5.7863, -10.467, 1.49136, -0.549756, -0.0301407;...
-3.57758, -38.3041, -5.7858, -10.4608, 1.48235, -0.550657, -0.0303316;...
-3.6775, -38.3533, -5.78499, -10.4536, 1.4733, -0.55164, -0.0305321;...
-3.77536, -38.4014, -5.78388, -10.4451, 1.46421, -0.552705, -0.0307409;...
-3.87101, -38.4483, -5.78243, -10.4355, 1.45507, -0.553851, -0.0309577;...
-3.9624, -38.4938, -5.78066, -10.4245, 1.4459, -0.555077, -0.0311816;...
-4.05335, -38.5378, -5.77855, -10.4122, 1.43671, -0.556386, -0.0314114;...
-4.14177, -38.5803, -5.77609, -10.3986, 1.42748, -0.557774, -0.0316467;...
-4.22754, -38.621, -5.77329, -10.3834, 1.41825, -0.559241, -0.0318864;...
-4.31061, -38.6599, -5.77015, -10.3668, 1.409, -0.560789, -0.0321298;...
-4.39086, -38.6969, -5.76668, -10.3487, 1.39975, -0.562416, -0.0323755;...
-4.4682, -38.7318, -5.76286, -10.329, 1.39701, -0.56412, -0.0326228;...
-4.54255, -38.7646, -5.75874, -10.3076, 1.38778, -0.565902, -0.0328707;...
-4.61381, -38.7951, -5.7543, -10.2847, 1.37857, -0.567761, -0.0331182;...
-4.6819, -38.8232, -5.74957, -10.26, 1.36938, -0.569695, -0.0333645;...
-4.74678, -38.8489, -5.74457, -10.2337, 1.36024, -0.571705, -0.0336085;...
-4.80834, -38.8721, -5.7393, -10.2056, 1.35113, -0.573788, -0.0338493;...
-4.86654, -38.8926, -5.73381, -10.1757, 1.34208, -0.575944, -0.0340859;...
-4.92131, -38.9105, -5.72812, -10.1441, 1.33309, -0.578172, -0.0343176;...
-4.97259, -38.9256, -5.72224, -10.1106, 1.32417, -0.580469, -0.0345433;...
-5.02032, -38.9378, -5.71623, -10.0754, 1.31533, -0.582835, -0.0347624;...
-5.06442, -38.9472, -5.7101, -10.0383, 1.30658, -0.585267, -0.0349742;...
-5.10488, -38.9536, -5.70389, -9.99946, 1.29791, -0.587764, -0.0351779;...
-5.14163, -38.957, -5.69765, -9.95875, 1.28935, -0.590323, -0.0353728;...
-5.17462, -38.9574, -5.69139, -9.9162, 1.2809, -0.592942, -0.0355587;...
-5.20384, -38.9548, -5.68519, -9.87185, 1.27256, -0.59562, -0.0357345;...
-5.22919, -38.949, -5.70259, -9.82567, 1.26434, -0.598352, -0.0410151;...
-5.25072, -38.9402, -5.6966, -9.77771, 1.25626, -0.601136, -0.0411701;...
-5.26831, -38.9283, -5.69076, -9.72795, 1.2483, -0.603969, -0.0413147;...
-5.28199, -38.9132, -5.68514, -9.67643, 1.24049, -0.606847, -0.0414479;...
-5.29167, -38.8951, -5.67977, -9.62316, 1.23282, -0.609767, -0.0415702;...
-5.29737, -38.8739, -5.6747, -9.5682, 1.2253, -0.612726, -0.0416815;...
-5.29909, -38.8497, -5.66999, -9.51155, 1.21793, -0.61572, -0.0417815;...
-5.2967, -38.8225, -5.66565, -9.45325, 1.21072, -0.618743, -0.0418712;...
-5.29027, -38.7923, -5.66175, -9.39336, 1.20366, -0.621792, -0.0419502;...
-5.27977, -38.7494, -5.65833, -9.33189, 1.19677, -0.624863, -0.0420189;...
-5.26513, -38.7134, -5.65541, -9.26891, 1.19003, -0.62795, -0.0420783;...
-5.24639, -38.6746, -5.65305, -9.20446, 1.18346, -0.631049, -0.0421286;...
-5.22349, -38.6331, -5.65128, -9.13859, 1.17705, -0.634154, -0.0421707;...
-5.19644, -38.5889, -5.65013, -9.07135, 1.1708, -0.63726, -0.042205;...
-5.16525, -38.5422, -5.64965, -9.00283, 1.16471, -0.640364, -0.0422328;...
-5.12984, -38.493, -5.64984, -8.93306, 1.15879, -0.643458, -0.0422548;...
-5.09027, -38.4415, -5.65076, -8.86213, 1.15302, -0.646538, -0.0422723;...
-5.04648, -38.3876, -5.6524, -8.79008, 1.1474, -0.649598, -0.0422862;...
-4.99852, -38.3316, -5.65481, -8.71702, 1.14194, -0.652632, -0.0422976;...
-4.94633, -38.2736, -5.658, -8.643, 1.13664, -0.655636, -0.0423079;...
-4.88996, -38.2136, -5.66198, -8.5681, 1.13148, -0.658604, -0.042318;...
-4.82937, -38.1517, -5.66677, -8.49241, 1.12646, -0.661531, -0.0423298;...
-4.7646, -38.0882, -5.67238, -8.41602, 1.1216, -0.664412, -0.0423443;...
-4.69563, -38.0231, -5.6788, -8.33899, 1.11687, -0.667241, -0.0423626;...
-4.62248, -37.9566, -5.68605, -8.26143, 1.11227, -0.670013, -0.0423864;...
-4.54517, -37.8888, -5.69412, -8.18344, 1.10782, -0.672726, -0.0424169;...
-4.46367, -37.8197, -5.70301, -8.1051, 1.10349, -0.675373, -0.0424557;...
-4.37808, -37.7497, -5.71271, -8.02652, 1.0993, -0.677953, -0.0425034;...
-4.28834, -37.6787, -5.7232, -7.94778, 1.09524, -0.680457, -0.0425618;...
-4.19451, -37.6069, -5.73449, -7.869, 1.0913, -0.682888, -0.0426317;...
-4.09662, -37.5344, -5.74654, -7.79029, 1.0875, -0.685239, -0.0427143;...
-3.9947, -37.4614, -5.75934, -7.71172, 1.08382, -0.687508, -0.0428106;...
-3.88878, -37.388, -5.77287, -7.63344, 1.08027, -0.689693, -0.0429212;...
-3.7789, -37.3144, -5.78709, -7.55553, 1.07686, -0.691793, -0.0430468;...
-3.6651, -37.2405, -5.802, -7.47812, 1.07358, -0.693805, -0.0431881;...
-3.54744, -37.1666, -5.81754, -7.40133, 1.07043, -0.69573, -0.0433453;...
-3.42596, -37.0928, -5.8337, -7.32523, 1.06743, -0.697565, -0.0435189;...
-3.30073, -37.0192, -5.85043, -7.24998, 1.06457, -0.699312, -0.0437087;...
-3.17181, -36.9458, -5.86771, -7.1757, 1.06187, -0.700971, -0.0439142;...
-3.03926, -36.8728, -5.88549, -7.10246, 1.05932, -0.702542, -0.0441356;...
-2.90316, -36.8003, -5.90374, -7.03042, 1.05695, -0.704027, -0.044372;...
-2.76358, -36.7284, -5.92241, -6.95967, 1.05475, -0.705427, -0.0446225;...
-2.6206, -36.6571, -5.94146, -6.89035, 1.05273, -0.706746, -0.0448861;...
-2.47432, -36.5866, -5.96084, -6.82258, 1.05092, -0.707984, -0.0451617;...
-2.32482, -36.5168, -5.98053, -6.75645, 1.04931, -0.709145, -0.0454477;...
-2.17222, -36.448, -6.00047, -6.69213, 1.04793, -0.710233, -0.0457427;...
-2.01659, -36.3799, -6.02061, -6.62957, 1.04676, -0.711246, -0.046044;...
-1.85808, -36.313, -6.04091, -6.56914, 1.04586, -0.712197, -0.0463501;...
-1.69677, -36.2469, -6.06132, -6.5107, 1.04519, -0.713081, -0.0466583;...
-1.5328, -36.182, -6.08181, -6.45456, 1.04482, -0.713909, -0.0469666;...
-1.36629, -36.1181, -6.10231, -6.4007, 1.04472, -0.714681, -0.047272;...
-1.19738, -36.0553, -6.12279, -6.34931, 1.04493, -0.715404, -0.0475717;...
-1.0262, -35.9935, -6.1432, -6.30036, 1.04544, -0.716078, -0.0478623;...
-0.852891, -35.9329, -6.16348, -6.25405, 1.04629, -0.716712, -0.0481408;...
-0.67761, -35.8735, -6.1836, -6.21056, 1.04749, -0.717311, -0.0484049;...
-0.500496, -35.815, -6.20351, -6.16974, 1.04903, -0.717874, -0.0486499;...
-0.321719, -35.7577, -6.22317, -6.13188, 1.05095, -0.71841, -0.0488734;...
-0.141438, -35.7014, -6.24252, -6.09694, 1.05325, -0.718922, -0.0490714;...
0.0401816, -35.646, -6.26153, -6.06497, 1.05593, -0.719411, -0.0492401;...
0.222967, -35.5916, -6.28015, -6.03614, 1.05901, -0.719885, -0.049377;...
0.406736, -35.5382, -6.29835, -6.0105, 1.06252, -0.720347, -0.0494783;...
0.591316, -35.4856, -6.31607, -5.98808, 1.06644, -0.720799, -0.0495406;...
0.776515, -35.4338, -6.33328, -5.96893, 1.0708, -0.721244, -0.049561;...
0.962154, -35.3827, -6.34994, -5.95297, 1.07557, -0.721682, -0.0495352;...
1.14803, -35.3323, -6.36601, -5.94044, 1.0808, -0.722121, -0.0494615;...
1.33396, -35.2824, -6.38146, -5.93124, 1.08646, -0.722558, -0.0493364;...
1.51974, -35.2331, -6.39624, -5.9254, 1.09256, -0.722997, -0.0491569;...
1.70517, -35.1842, -6.41033, -5.92302, 1.09912, -0.723439, -0.0489214;...
1.89004, -35.1355, -6.42369, -5.92389, 1.1061, -0.723882, -0.0486268;...
2.07417, -35.0871, -6.43629, -5.92831, 1.11354, -0.724332, -0.0482713;...
2.25733, -35.0388, -6.44811, -5.93595, 1.12139, -0.724781, -0.0478528;...
2.43933, -34.9906, -6.45911, -5.9471, 1.1297, -0.725237, -0.0473704;...
2.61994, -34.9422, -6.46927, -5.96142, 1.13839, -0.725691, -0.0468219;...
2.79899, -34.8938, -6.47857, -5.97917, 1.14753, -0.72615, -0.0462071;...
2.97625, -34.845, -6.48698, -6.00011, 1.15705, -0.726606, -0.0455247;...
3.15152, -34.7959, -6.49448, -6.02418, 1.16695, -0.727058, -0.0447743;...
3.32458, -34.7462, -6.50108, -6.05141, 1.17722, -0.727505, -0.0439562;...
3.49525, -34.6961, -6.50673, -6.08176, 1.18787, -0.727945, -0.0430698;...
3.66329, -34.6453, -6.51145, -6.11503, 1.19884, -0.728373, -0.0421161;...
3.82854, -34.5937, -6.51521, -6.15125, 1.21014, -0.728787, -0.0410957;...
3.99081, -34.5413, -6.51801, -6.19022, 1.22173, -0.729183, -0.0400092;...
4.14988, -34.488, -6.51985, -6.23197, 1.23362, -0.729559, -0.0388584;...
4.30555, -34.4336, -6.52074, -6.27627, 1.24576, -0.729907, -0.0376443;...
4.45768, -34.3782, -6.52067, -6.32315, 1.25815, -0.730229, -0.0363695;...
4.60605, -34.3217, -6.51964, -6.37239, 1.27075, -0.730517, -0.0350354;...
4.75052, -34.2639, -6.51768, -6.42385, 1.28354, -0.730766, -0.0336448;...
4.89088, -34.2049, -6.5148, -6.46176, 1.29651, -0.730973, -0.0321996;...
5.027, -34.1446, -6.51099, -6.51746, 1.30962, -0.731136, -0.0307034;...
5.15871, -34.0831, -6.5063, -6.57514, 1.32287, -0.731249, -0.0291584;...
5.28586, -34.0201, -6.50074, -6.63447, 1.33619, -0.731305, -0.0275684;...
5.4083, -33.9557, -6.49434, -6.69542, 1.34959, -0.731304, -0.0259364;...
5.5259, -33.89, -6.48713, -6.75786, 1.36304, -0.731239, -0.0242663;...
5.63855, -33.8229, -6.47914, -6.82176, 1.37653, -0.731107, -0.0225609;...
5.74607, -33.7544, -6.47042, -6.88669, 1.38998, -0.730904, -0.0208249;...
5.84843, -33.6845, -6.46098, -6.95281, 1.40344, -0.730627, -0.0190619;...
5.94545, -33.6133, -6.4509, -7.01979, 1.41684, -0.730271, -0.0172758;...
6.03711, -33.5408, -6.44018, -7.0876, 1.43018, -0.729834, -0.0154712;...
6.12325, -33.4671, -6.42892, -7.156, 1.44342, -0.729312, -0.0136518;...
6.20381, -33.3921, -6.41714, -7.22488, 1.45653, -0.728701, -0.0118224;...
6.27873, -33.3159, -6.40491, -7.29411, 1.46952, -0.727999, -0.00998701;...
6.34792, -33.2387, -6.39228, -7.36355, 1.48235, -0.727203, -0.00814994;...
6.41138, -33.1605, -6.37931, -7.43308, 1.495, -0.726311, -0.00631572;...
6.46904, -33.0815, -6.36605, -7.5026, 1.50747, -0.713459, -0.0044886;...
6.5208, -33.0016, -6.3526, -7.5719, 1.51972, -0.712367, -0.00267319;...
6.56676, -32.921, -6.33898, -7.64095, 1.53175, -0.711174, -0.000873637;...
6.60677, -32.8399, -6.32529, -7.70955, 1.54354, -0.709874, 0.00090521;...
6.64092, -32.7584, -6.31157, -7.7777, 1.55508, -0.70847, 0.00265957;...
6.66912, -32.6764, -6.29792, -7.84513, 1.56635, -0.706959, 0.00438486;...
6.69139, -32.5943, -6.2844, -7.91184, 1.57733, -0.705339, 0.00607682;...
6.70778, -32.5121, -6.27106, -7.97774, 1.58803, -0.703609, 0.0128463;...
6.71828, -32.43, -6.258, -8.04267, 1.59842, -0.70177, 0.0144595;...
6.72289, -32.3481, -6.24528, -8.10663, 1.60851, -0.699819, 0.0160272;...
6.72167, -32.2667, -6.23297, -8.16949, 1.61827, -0.697757, 0.0175457;...
6.71465, -32.1857, -6.22113, -8.23119, 1.62772, -0.695583, 0.0190111;...
6.70183, -32.1055, -6.20984, -8.29166, 1.63684, -0.693296, 0.0204199;...
6.68329, -32.0261, -6.19917, -8.35081, 1.64562, -0.690898, 0.0217683;...
6.65713, -31.9477, -6.18919, -8.40864, 1.65406, -0.688386, 0.0230531;...
6.6273, -31.8706, -6.17994, -8.46513, 1.66218, -0.685761, 0.0242713;...
6.59186, -31.7947, -6.17151, -8.52012, 1.66994, -0.683025, 0.0254195;...
6.55096, -31.7204, -6.16394, -8.57372, 1.67737, -0.680177, 0.0264954;...
6.50459, -31.6477, -6.15731, -8.62578, 1.68445, -0.677217, 0.0274952;...
6.45285, -31.5769, -6.15164, -8.67636, 1.6912, -0.674146, 0.0284178;...
6.39579, -31.508, -6.14701, -8.72545, 1.69761, -0.670961, 0.02926;...
6.3335, -31.4412, -6.14346, -8.77296, 1.70368, -0.66767, 0.0300195;...
6.26606, -31.3768, -6.14102, -8.81899, 1.70942, -0.664268, 0.0306952;...
6.19353, -31.3148, -6.13976, -8.86351, 1.71484, -0.660758, 0.0312851;...
6.11602, -31.2553, -6.13968, -8.90647, 1.71994, -0.657141, 0.0317875;...
6.03357, -31.1986, -6.14084, -8.94797, 1.72471, -0.653418, 0.0322014;...
5.94629, -31.1446, -6.14326, -8.98799, 1.72918, -0.649592, 0.0325261;...
5.85425, -31.0937, -6.14696, -9.02657, 1.73335, -0.645662, 0.0327604;...
5.75752, -31.0458, -6.15196, -9.06373, 1.73722, -0.641631, 0.0329039;...
5.65625, -31.0012, -6.15826, -9.09952, 1.7343, -0.637502, 0.0329566;...
5.55047, -30.9598, -6.16589, -9.13397, 1.7376, -0.633276, 0.0329185;...
5.44025, -30.9218, -6.17486, -9.16711, 1.74063, -0.628956, 0.0327894;...
5.32576, -30.8874, -6.18514, -9.19902, 1.7434, -0.624546, 0.0325703;...
5.20703, -30.8565, -6.19675, -9.22972, 1.74592, -0.620048, 0.0322621;...
5.08414, -30.8293, -6.20967, -9.25928, 1.7482, -0.615466, 0.0318652;...
4.95723, -30.8058, -6.22388, -9.28775, 1.75024, -0.610803, 0.0313811;...
4.82637, -30.7861, -6.23937, -9.3152, 1.75206, -0.606064, 0.0308118;...
4.69167, -30.7703, -6.25611, -9.34167, 1.75367, -0.601254, 0.0301581;...
4.55319, -30.7583, -6.27407, -9.36723, 1.75508, -0.596377, 0.0294225;...
4.41106, -30.7503, -6.29322, -9.39195, 1.75631, -0.591439, 0.0286074;...
4.26535, -30.7462, -6.31353, -9.41589, 1.75735, -0.586444, 0.0277143;...
4.1162, -30.7461, -6.33495, -9.43911, 1.75823, -0.5814, 0.0267467;...
3.96367, -30.75, -6.35743, -9.46169, 1.75895, -0.576313, 0.0257067;...
3.8079, -30.7579, -6.38093, -9.48369, 1.75953, -0.571189, 0.0245978;...
3.64897, -30.7697, -6.38186, -9.50517, 1.75998, -0.566036, 0.0234227;...
3.487, -30.7856, -6.40723, -9.52621, 1.7603, -0.560862, 0.0221848;...
3.3221, -30.8054, -6.43345, -9.54686, 1.76052, -0.555674, 0.0208877;...
3.15438, -30.8292, -6.46045, -9.5672, 1.76065, -0.55048, 0.0195348;...
2.98396, -30.8569, -6.48817, -9.58729, 1.76068, -0.54529, 0.0181297;...
2.81095, -30.8884, -6.51655, -9.6072, 1.76065, -0.540112, 0.0166763;...
2.63548, -30.9238, -6.54551, -9.62697, 1.76055, -0.534954, 0.0151782;...
2.45767, -30.9629, -6.57499, -9.64669, 1.7604, -0.529827, 0.0136396;...
2.27764, -31.0058, -6.6049, -9.6664, 1.76021, -0.524739, 0.0120642;...
2.09555, -31.0523, -6.63518, -9.68616, 1.75999, -0.519701, 0.0104563;...
1.9115, -31.1024, -6.66575, -9.70603, 1.75976, -0.514721, 0.00881983;...
1.72565, -31.156, -6.69654, -9.72607, 1.75952, -0.509811, 0.0071586;...
1.53813, -31.2131, -6.72746, -9.74631, 1.75929, -0.50498, 0.00547689;...
1.3491, -31.2734, -6.75845, -9.76682, 1.75907, -0.500236, 0.00377851;...
1.1587, -31.3371, -6.78942, -9.78762, 1.75888, -0.49559, 0.00206745;...
0.967081, -31.4039, -6.82029, -9.80877, 1.75872, -0.491052, 0.000347459;...
0.774411, -31.4737, -6.85101, -9.83031, 1.7586, -0.486629, -0.00137742;...
0.580854, -31.5466, -6.88147, -9.85227, 1.75854, -0.482333, -0.00310348;...
0.386565, -31.6223, -6.91162, -9.8747, 1.75854, -0.478171, -0.00482738;...
0.191722, -31.7007, -6.94138, -9.89761, 1.75862, -0.474151, -0.0065454;...
-0.00350213, -31.7819, -6.97068, -9.92103, 1.75876, -0.470282, -0.00825427;...
-0.198929, -31.8655, -6.99944, -9.94499, 1.759, -0.46657, -0.00995074;...
-0.394372, -31.9516, -7.0276, -9.96952, 1.75933, -0.463025, -0.0116317;...
-0.589649, -32.04, -7.0551, -9.99462, 1.75975, -0.45965, -0.0132943;...
-0.78457, -32.1404, -7.08187, -10.0203, 1.76028, -0.456453, -0.0149359;...
-0.978933, -32.2331, -7.10784, -10.0466, 1.76092, -0.453439, -0.0165537;...
-1.17255, -32.3277, -7.13296, -10.0735, 1.76168, -0.450612, -0.0181454;...
-1.36522, -32.4242, -7.15717, -10.101, 1.76255, -0.447977, -0.0197089;...
-1.55673, -32.5225, -7.18042, -10.1292, 1.76354, -0.445537, -0.0212422;...
-1.74688, -32.6223, -7.20265, -10.1579, 1.76466, -0.443294, -0.0227435;...
-1.93545, -32.7236, -7.22382, -10.1873, 1.7659, -0.441251, -0.0242111;...
-2.12224, -32.8263, -7.24388, -10.2172, 1.76727, -0.439409, -0.0256436;...
-2.30704, -32.9303, -7.26279, -10.2478, 1.76877, -0.437768, -0.02704;...
-2.48962, -33.0353, -7.28051, -10.2789, 1.7704, -0.436328, -0.0283991;...
-2.66977, -33.1414, -7.29699, -10.3105, 1.77215, -0.435089, -0.0297202;...
-2.84727, -33.2483, -7.31223, -10.3427, 1.77403, -0.434048, -0.0310026;...
-3.0219, -33.356, -7.32616, -10.3754, 1.77603, -0.433203, -0.0322459;...
-3.19344, -33.4644, -7.33878, -10.4086, 1.77815, -0.432551, -0.03345;...
-3.36167, -33.5732, -7.35006, -10.4422, 1.7804, -0.432089, -0.0346146;...
-3.52636, -33.6825, -7.35997, -10.4762, 1.78275, -0.431812, -0.0357398;...
-3.68731, -33.792, -7.36851, -10.5106, 1.78522, -0.431716, -0.0368259;...
-3.84429, -33.9017, -7.37565, -10.5454, 1.78779, -0.431794, -0.0378733;...
-3.99711, -34.0115, -7.38138, -10.5805, 1.79046, -0.43204, -0.0388824;...
-4.1455, -34.1212, -7.3857, -10.6158, 1.79322, -0.432448, -0.039854;...
-4.28931, -34.2306, -7.3886, -10.6514, 1.79606, -0.433011, -0.0407887;...
-4.42828, -34.3398, -7.39009, -10.6872, 1.79899, -0.43372, -0.0416873;...
-4.56224, -34.4486, -7.39014, -10.7231, 1.80199, -0.434569, -0.0425508;...
-4.69097, -34.5569, -7.38878, -10.759, 1.80505, -0.435548, -0.0433801;...
-4.81427, -34.6645, -7.38601, -10.795, 1.80817, -0.436649, -0.0441763;...
-4.93199, -34.7713, -7.38184, -10.831, 1.81133, -0.437862, -0.0449404;...
-5.04387, -34.8773, -7.37627, -10.867, 1.81454, -0.439178, -0.0456736;...
-5.1498, -34.9823, -7.36933, -10.9028, 1.81777, -0.440589, -0.0463771;...
-5.24958, -35.0863, -7.36103, -10.9385, 1.82103, -0.442083, -0.0470518;...
-5.34304, -35.189, -7.3514, -10.9739, 1.8243, -0.44365, -0.047699;...
-5.43003, -35.2905, -7.34044, -11.0091, 1.82757, -0.445281, -0.0483197;...
-5.51035, -35.3905, -7.32818, -11.0439, 1.83084, -0.446966, -0.0489152;...
-5.58392, -35.489, -7.31465, -11.0784, 1.83409, -0.448693, -0.0494862;...
-5.65055, -35.586, -7.29988, -11.1124, 1.83732, -0.450455, -0.0500338;...
-5.71017, -35.6812, -7.2839, -11.1459, 1.84052, -0.452239, -0.0505592;...
-5.76263, -35.7746, -7.26673, -11.1789, 1.84368, -0.454036, -0.0510627;...
-5.80778, -35.866, -7.24841, -11.2112, 1.84679, -0.455837, -0.0515455;...
-5.84561, -35.9554, -7.22898, -11.243, 1.84984, -0.45763, -0.0520081;...
-5.87597, -36.0427, -7.20847, -11.2739, 1.85282, -0.459408, -0.0524511;...
-5.89878, -36.1278, -7.18692, -11.3042, 1.85574, -0.461159, -0.0528752;...
-5.91206, -36.2106, -7.16437, -11.3336, 1.85857, -0.462875, -0.0532804;...
-5.91961, -36.2909, -7.14085, -11.3621, 1.86131, -0.464548, -0.0536673;...
-5.91946, -36.3687, -7.11642, -11.3897, 1.86396, -0.466168, -0.054036;...
-5.91158, -36.4439, -7.0911, -11.4164, 1.8665, -0.467727, -0.0543864;...
-5.89598, -36.5164, -7.06496, -11.442, 1.87544, -0.469217, -0.0547189;...
-5.87256, -36.586, -7.03802, -11.4665, 1.87776, -0.470631, -0.0550328;...
-5.84141, -36.6528, -7.01034, -11.4898, 1.87996, -0.47196, -0.0553282;...
-5.80249, -36.7166, -6.98196, -11.512, 1.88204, -0.473199, -0.0556045;...
-5.75585, -36.7773, -6.95293, -11.533, 1.88398, -0.47434, -0.0558614;...
-5.70154, -36.8348, -6.92329, -11.5527, 1.88579, -0.475378, -0.0560984;...
-5.63958, -36.8891, -6.89309, -11.5711, 1.88746, -0.476307, -0.0563145;...
-5.57006, -36.9399, -6.86239, -11.588, 1.88898, -0.477122, -0.0565091;...
-5.49303, -36.9874, -6.83122, -11.6036, 1.89035, -0.477818, -0.0566812;...
-5.40866, -37.0313, -6.79964, -11.6177, 1.89157, -0.47839, -0.0568303;...
-5.31693, -37.0717, -6.7677, -11.6303, 1.89263, -0.478837, -0.0569547;...
-5.21804, -37.1083, -6.73544, -11.6413, 1.89353, -0.479152, -0.0570539;...
-5.11211, -37.1411, -6.70291, -11.6508, 1.89426, -0.479333, -0.0571263;...
-4.99923, -37.1701, -6.67017, -11.6586, 1.89483, -0.47938, -0.0571709;...
-4.8796, -37.1951, -6.63725, -11.6647, 1.89522, -0.479289, -0.0571865;...
-4.75336, -37.2161, -6.6042, -11.6691, 1.89544, -0.479059, -0.0571717;...
-4.62071, -37.2331, -6.57109, -11.6718, 1.89548, -0.478689, -0.0571252;...
-4.48181, -37.2458, -6.53793, -11.6726, 1.89533, -0.478178, -0.0570457;...
-4.33688, -37.2446, -6.50481, -11.6716, 1.89501, -0.477526, -0.0569319;...
-4.18608, -37.2488, -6.47173, -11.6688, 1.89449, -0.476735, -0.0567822;...
-4.02971, -37.2487, -6.43877, -11.664, 1.89378, -0.475803, -0.0617106;...
-3.86793, -37.244, -6.40596, -11.6573, 1.89288, -0.474734, -0.0614858;...
-3.70102, -37.2349, -6.37334, -11.6486, 1.89177, -0.473527, -0.0612216;...
-3.52921, -37.2212, -6.34096, -11.6379, 1.89046, -0.472186, -0.0609167;...
-3.35278, -37.2029, -6.30885, -11.6252, 1.88895, -0.470713, -0.06057;...
-3.17198, -37.18, -6.27707, -11.6103, 1.88722, -0.469109, -0.0601806;...
-2.9871, -37.1523, -6.24564, -11.5934, 1.88527, -0.467379, -0.0597474;...
-2.79842, -37.1198, -6.2146, -11.5744, 1.8831, -0.465526, -0.0592696;...
-2.60624, -37.0825, -6.18399, -11.5532, 1.88071, -0.463554, -0.0587466;...
-2.41084, -37.0404, -6.15385, -11.5297, 1.87808, -0.461465, -0.0581775;...
-2.21254, -36.9934, -6.1242, -11.5041, 1.87522, -0.459264, -0.0575621;...
-2.01166, -36.9415, -6.09508, -11.4763, 1.87211, -0.456957, -0.0569;...
-1.8085, -36.8846, -6.06653, -11.4462, 1.86876, -0.454547, -0.056191;...
-1.60338, -36.8228, -6.03855, -11.4138, 1.86515, -0.452039, -0.055435;...
-1.39664, -36.756, -6.01119, -11.3792, 1.86128, -0.449439, -0.0546323;...
-1.18859, -36.6843, -5.98447, -11.3422, 1.85714, -0.44675, -0.0537831;...
-0.979572, -36.6076, -5.95841, -11.3029, 1.85273, -0.443979, -0.0528881;...
-0.769905, -36.5259, -5.93303, -11.2613, 1.84804, -0.441131, -0.0519478;...
-0.559929, -36.4392, -5.90834, -11.2173, 1.84306, -0.43821, -0.0509633;...
-0.349965, -36.3477, -5.88438, -11.171, 1.83778, -0.435223, -0.0499356;...
-0.140352, -36.2512, -5.86114, -11.1224, 1.83221, -0.432173, -0.048866;...
0.0685892, -36.1499, -5.83864, -11.0714, 1.82632, -0.429069, -0.0477562;...
0.276534, -36.0437, -5.8169, -11.018, 1.82012, -0.425913, -0.0466077;...
0.483164, -35.9328, -5.79592, -10.9624, 1.8136, -0.422712, -0.0454226;...
0.688159, -35.8172, -5.7757, -10.9044, 1.80676, -0.419471, -0.0442029;...
0.891216, -35.6969, -5.75625, -10.844, 1.79957, -0.416194, -0.0429512;...
1.09202, -35.5721, -5.73758, -10.7814, 1.79205, -0.412887, -0.0416698;...
1.29029, -35.4428, -5.71967, -10.7165, 1.78418, -0.409556, -0.0403617;...
1.48573, -35.3091, -5.70254, -10.6494, 1.77596, -0.406204, -0.0390295;...
1.67806, -35.1712, -5.68617, -10.58, 1.76739, -0.402836, -0.0376767;...
1.86702, -35.0291, -5.67055, -10.5085, 1.75846, -0.399458, -0.0363064;...
2.05234, -34.883, -5.65569, -10.4348, 1.74916, -0.396071, -0.0349219;...
2.23378, -34.733, -5.64156, -10.359, 1.73949, -0.392683, -0.0335271;...
2.4111, -34.5793, -5.62816, -10.2811, 1.72946, -0.389296, -0.0321257;...
2.58409, -34.422, -5.61547, -10.2012, 1.71906, -0.385914, -0.0307214;...
2.75253, -34.2613, -5.60347, -10.1193, 1.70828, -0.382541, -0.0293185;...
2.91622, -34.0973, -5.59216, -10.0356, 1.69714, -0.37918, -0.0279209;...
3.075, -33.9303, -5.5815, -9.95, 1.68562, -0.375835, -0.0265326;...
3.22869, -33.7604, -5.57149, -9.86265, 1.67373, -0.372509, -0.0251581;...
3.37714, -33.5879, -5.56209, -9.77361, 1.66148, -0.369205, -0.0238016;...
3.52023, -33.4129, -5.5533, -9.68296, 1.64887, -0.365926, -0.0224676;...
3.65782, -33.2357, -5.54508, -9.59077, 1.6359, -0.362674, -0.0211599;...
3.78985, -33.0565, -5.53741, -9.49715, 1.62258, -0.359454, -0.0198831;...
3.91618, -32.8756, -5.53027, -9.40217, 1.60891, -0.356267, -0.0186416;...
4.03675, -32.6931, -5.52363, -9.30593, 1.59491, -0.353114, -0.0174394;...
4.15155, -32.5094, -5.51748, -9.20854, 1.58058, -0.350001, -0.0162807;...
4.26051, -32.3247, -5.51178, -9.11009, 1.56594, -0.346927, -0.0151693;...
4.36363, -32.1392, -5.50651, -9.01069, 1.55099, -0.343896, -0.0141093;...
4.46091, -31.9533, -5.50165, -8.91045, 1.53575, -0.34091, -0.0131043;...
4.55232, -31.7672, -5.49716, -8.80949, 1.52023, -0.337972, -0.0121581;...
4.63794, -31.5812, -5.49305, -8.70793, 1.50445, -0.335084, -0.0112737;...
4.71779, -31.3955, -5.48927, -8.60588, 1.48842, -0.332249, -0.0104547;...
4.79191, -31.2105, -5.50933, -8.50346, 1.47217, -0.329469, -0.00970411;...
4.86036, -31.0264, -5.50616, -8.4008, 1.4557, -0.326745, -0.00902411;...
4.92328, -30.8435, -5.50327, -8.29802, 1.43904, -0.324083, -0.00841778;...
4.98074, -30.6621, -5.50064, -8.19526, 1.42221, -0.321484, -0.00788682;...
5.03282, -30.4825, -5.49825, -8.09265, 1.40524, -0.318952, -0.00743335;...
5.07968, -30.3051, -5.49609, -7.99031, 1.38813, -0.316489, -0.00705901;...
5.12142, -30.1299, -5.49415, -7.88838, 1.37092, -0.314099, -0.00676506;...
5.15819, -29.9575, -5.49241, -7.78699, 1.35364, -0.311786, -0.00655252;...
5.19012, -29.7879, -5.49086, -7.68627, 1.32979, -0.309553, -0.00642187;...
5.21737, -29.6216, -5.4895, -7.58636, 1.31241, -0.307404, -0.00637384;...
5.24009, -29.4588, -5.48831, -7.48739, 1.29503, -0.305344, -0.00640803;...
5.25846, -29.3095, -5.4873, -7.38949, 1.27767, -0.303377, -0.00652415;...
5.27265, -29.1544, -5.48646, -7.29279, 1.26036, -0.301507, -0.00672147;...
5.28281, -29.0036, -5.48579, -7.19743, 1.24312, -0.29974, -0.00699936;...
5.28717, -28.8573, -5.4853, -7.10354, 1.22599, -0.29808, -0.00735623;...
5.28981, -28.7158, -5.48497, -7.01123, 1.20898, -0.296533, -0.0077904;...
5.28893, -28.5793, -5.48481, -6.92063, 1.19212, -0.295102, -0.00830027;...
5.28473, -28.448, -5.48484, -6.83188, 1.17545, -0.293796, -0.00888306;...
5.27738, -28.3221, -5.48504, -6.74508, 1.15899, -0.292619, -0.00953678;...
5.26703, -28.2019, -5.48544, -6.66035, 1.14276, -0.291576, -0.0102585;...
5.25383, -28.0875, -5.48603, -6.57781, 1.1268, -0.290674, -0.0110452;...
5.23798, -27.9792, -5.48682, -6.49759, 1.11112, -0.289919, -0.0118937;...
5.21958, -27.8771, -5.48782, -6.41977, 1.09576, -0.289317, -0.0128007;...
5.19882, -27.7813, -5.48905, -6.34445, 1.08074, -0.288872, -0.0137624;...
5.17582, -27.692, -5.49049, -6.27176, 1.06608, -0.288592, -0.0147755;...
5.15071, -27.6094, -5.49218, -6.20177, 1.0518, -0.288483, -0.0158358;...
5.12363, -27.5336, -5.4941, -6.13457, 1.03793, -0.288549, -0.0169394;...
5.09466, -27.4647, -5.49626, -6.07028, 1.02449, -0.288798, -0.0180824;...
5.0639, -27.4029, -5.49868, -6.00895, 1.0115, -0.289232, -0.0192606;...
5.0315, -27.3481, -5.50134, -5.95067, 0.998981, -0.28986, -0.0204701;...
4.99748, -27.3005, -5.50427, -5.89551, 0.986949, -0.290684, -0.0217067;...
4.9619, -27.2602, -5.50743, -5.84353, 0.975416, -0.291708, -0.0229665;...
4.92489, -27.2271, -5.51086, -5.79479, 0.964405, -0.292939, -0.0242453;...
4.88644, -27.2015, -5.51453, -5.74937, 0.953928, -0.294379, -0.0255391;...
4.84659, -27.1832, -5.51843, -5.70731, 0.943998, -0.296033, -0.0268443;...
4.80537, -27.1722, -5.52256, -5.66864, 0.934625, -0.297901, -0.0281573;...
4.76282, -27.1687, -5.52691, -5.63341, 0.92582, -0.299988, -0.029474;...
4.71888, -27.1725, -5.53144, -5.60165, 0.91759, -0.302294, -0.0307917;...
4.67356, -27.1838, -5.53615, -5.5734, 0.909945, -0.304821, -0.0321068;...
4.62685, -27.2023, -5.54102, -5.54866, 0.902886, -0.30757, -0.033416;...
4.57868, -27.2281, -5.546, -5.52747, 0.896421, -0.310541, -0.0347169;...
4.52904, -27.2611, -5.55109, -5.50984, 0.890553, -0.313735, -0.0360064;...
4.47783, -27.3013, -5.55622, -5.49576, 0.885279, -0.317147, -0.0372822;...
4.42502, -27.3485, -5.56138, -5.48523, 0.880601, -0.320779, -0.0385419;...
4.37046, -27.4027, -5.5665, -5.47823, 0.876512, -0.324626, -0.0397836;...
4.31414, -27.4638, -5.57157, -5.47476, 0.873015, -0.328686, -0.0410053;...
4.25589, -27.5316, -5.57651, -5.4748, 0.8701, -0.332954, -0.0422053;...
4.19564, -27.606, -5.58128, -5.47834, 0.867764, -0.337429, -0.043382;...
4.13325, -27.6869, -5.58582, -5.4853, 0.865993, -0.342101, -0.0445343;...
4.06861, -27.7742, -5.59007, -5.49568, 0.864785, -0.346968, -0.0456607;...
4.00155, -27.8676, -5.59396, -5.50942, 0.864122, -0.352021, -0.0467607;...
3.932, -27.9671, -5.59745, -5.5265, 0.863999, -0.357257, -0.0478327;...
3.85974, -28.0724, -5.60044, -5.54682, 0.864395, -0.362664, -0.0488765;...
3.78467, -28.1835, -5.60287, -5.57035, 0.865302, -0.368237, -0.0498915;...
3.70663, -28.3, -5.60468, -5.59701, 0.866701, -0.373966, -0.0508764;...
3.62544, -28.4218, -5.60578, -5.62672, 0.868575, -0.379842, -0.0518314;...
3.54097, -28.5487, -5.60609, -5.65944, 0.87091, -0.385858, -0.0527559;...
3.45307, -28.6806, -5.60556, -5.69505, 0.873684, -0.392002, -0.053649;...
3.36159, -28.8172, -5.60409, -5.7335, 0.876881, -0.398265, -0.0545107;...
3.26636, -28.9583, -5.60161, -5.77469, 0.880481, -0.404636, -0.0553402;...
3.16724, -29.1036, -5.59804, -5.81852, 0.884461, -0.411105, -0.0561372;...
3.06409, -29.2531, -5.59331, -5.86488, 0.888802, -0.417661, -0.0569011;...
2.95677, -29.4064, -5.58734, -5.9137, 0.893481, -0.424294, -0.057631;...
2.84515, -29.5635, -5.58005, -5.96487, 0.89848, -0.430992, -0.0583264;...
2.72911, -29.7239, -5.57138, -6.01828, 0.903774, -0.437744, -0.0589865;...
2.60854, -29.8876, -5.56126, -6.07381, 0.909341, -0.444539, -0.05961;...
2.48332, -30.0543, -5.54961, -6.13139, 0.915161, -0.451367, -0.0601963;...
2.35339, -30.2238, -5.53639, -6.19087, 0.921211, -0.458216, -0.0607439;...
2.21864, -30.3959, -5.52152, -6.25216, 0.927468, -0.465077, -0.0612515;...
2.07902, -30.5704, -5.50495, -6.31513, 0.933908, -0.471936, -0.0617177;...
1.93447, -30.7471, -5.48663, -6.37969, 0.940515, -0.478786, -0.0621408;...
1.78496, -30.9258, -5.4665, -6.4457, 0.947263, -0.485615, -0.0625193;...
1.63047, -31.1063, -5.44454, -6.51308, 0.954135, -0.492415, -0.062851;...
1.471, -31.2884, -5.42071, -6.58169, 0.961107, -0.499175, -0.0631342;...
1.30657, -31.472, -5.39496, -6.65143, 0.96816, -0.505885, -0.0633668;...
1.1372, -31.6568, -5.36728, -6.72219, 0.975277, -0.512539, -0.0635467;...
0.962947, -31.8427, -5.33765, -6.79387, 0.982436, -0.519125, -0.0636714;...
0.783882, -32.0295, -5.30605, -6.86634, 0.98962, -0.525637, -0.0637391;...
0.600105, -32.2172, -5.27248, -6.93952, 0.996814, -0.532067, -0.0637473;...
0.411716, -32.4054, -5.23692, -7.0133, 1.004, -0.538408, -0.0636936;...
0.218854, -32.5941, -5.1994, -7.08758, 1.01116, -0.544652, -0.0635758;...
0.0216699, -32.7832, -5.15992, -7.16226, 1.01828, -0.550793, -0.0633918;...
-0.179665, -32.9725, -5.11849, -7.23725, 1.02535, -0.556825, -0.0631394;...
-0.384961, -33.1619, -5.07514, -7.31247, 1.03236, -0.562742, -0.0628163;...
-0.594001, -33.3512, -5.0299, -7.38782, 1.03928, -0.568538, -0.062421;...
-0.806559, -33.5405, -4.98281, -7.46324, 1.04612, -0.57421, -0.0619513;...
-1.02238, -33.7295, -4.93391, -7.53864, 1.05286, -0.579752, -0.0614056;...
-1.24121, -33.9182, -4.88322, -7.61395, 1.05948, -0.585159, -0.0607827;...
-1.46274, -34.1064, -4.83084, -7.68908, 1.06599, -0.590429, -0.0600814;...
-1.6867, -34.2942, -4.77679, -7.764, 1.07237, -0.595557, -0.0593005;...
-1.91272, -34.4814, -4.72115, -7.83864, 1.07862, -0.60054, -0.0584393;...
-2.14054, -34.668, -4.66397, -7.91293, 1.08473, -0.605375, -0.0574977;...
-2.36976, -34.8538, -4.60534, -7.98682, 1.09069, -0.610059, -0.0564752;...
-2.60004, -35.0389, -4.54532, -8.06027, 1.0965, -0.61459, -0.055372;...
-2.83103, -35.2231, -4.484, -8.13324, 1.10215, -0.618965, -0.0541887;...
-3.06235, -35.4065, -4.42145, -8.20569, 1.10765, -0.623182, -0.0529263;...
-3.29356, -35.5889, -4.35776, -8.27757, 1.11298, -0.62724, -0.0515856;...
-3.52432, -35.7702, -4.29301, -8.34886, 1.11815, -0.631136, -0.0501683;...
-3.75421, -35.9506, -4.22731, -8.41953, 1.12315, -0.634868, -0.0486761;...
-3.98286, -36.1298, -4.16072, -8.48955, 1.12798, -0.638435, -0.0471113;...
-4.20986, -36.3079, -4.09333, -8.55889, 1.13264, -0.641836, -0.0454761;...
-4.43474, -36.4848, -4.02528, -8.62755, 1.13713, -0.645068, -0.0437734;...
-4.65718, -36.6604, -3.9566, -8.69549, 1.14144, -0.648132, -0.0420063;...
-4.87677, -36.8348, -3.88742, -8.76272, 1.14559, -0.651024, -0.0401785;...
-5.09307, -37.0078, -3.81782, -8.82921, 1.14955, -0.653745, -0.0382927;...
-5.30571, -37.1793, -3.74789, -8.89495, 1.15334, -0.656292, -0.0363537;...
-5.5143, -37.3495, -3.67773, -8.95995, 1.15696, -0.658665, -0.0343651;...
-5.71847, -37.5181, -3.60742, -9.02417, 1.1604, -0.660862, -0.0323313;...
-5.91787, -37.6851, -3.53706, -9.08762, 1.16366, -0.662883, -0.0302569;...
-6.1121, -37.8505, -3.46672, -9.1503, 1.16675, -0.664726, -0.0281463;...
-6.30087, -38.0142, -3.3965, -9.21221, 1.16966, -0.666391, -0.0260046;...
-6.48383, -38.1762, -3.32646, -9.27331, 1.17239, -0.667875, -0.0238363;...
-6.66065, -38.3363, -3.25671, -9.33363, 1.17495, -0.66918, -0.0216463;...
-6.83105, -38.4945, -3.1873, -9.39314, 1.17732, -0.670303, -0.0194398;...
-6.99472, -38.6507, -3.11831, -9.45186, 1.17951, -0.671244, -0.0172217;...
-7.1514, -38.8048, -3.04982, -9.50977, 1.18802, -0.672002, -0.014997;...
-7.30087, -38.9568, -2.9819, -9.56686, 1.18984, -0.672577, -0.0127704;...
-7.44282, -39.1066, -2.9146, -9.62314, 1.19148, -0.672967, -0.010547;...
-7.57711, -39.254, -2.84799, -9.67857, 1.19293, -0.673174, -0.0083314;...
-7.70348, -39.3991, -2.78215, -9.73319, 1.1942, -0.673197, -0.00612808;...
-7.82177, -39.5416, -2.7171, -9.78693, 1.19527, -0.673035, -0.0039419;...
-7.93187, -39.6816, -2.65291, -9.83984, 1.19614, -0.67269, -0.00177683;...
-8.03355, -39.8188, -2.58963, -9.89186, 1.19682, -0.672159, 0.000362496;...
-8.12672, -39.9533, -2.52731, -9.94302, 1.19731, -0.671449, 0.00247301;...
-8.21129, -40.0849, -2.46599, -9.99328, 1.1976, -0.670555, 0.00455025;...
-8.28713, -40.2136, -2.40572, -10.0426, 1.19769, -0.669481, 0.00659094;...
-8.35418, -40.3391, -2.34653, -10.0911, 1.19758, -0.668228, 0.00859212;...
-8.41239, -40.4615, -2.28846, -10.1386, 1.19726, -0.666797, 0.0105503;...
-8.46172, -40.5807, -2.23154, -10.2009, 1.19674, -0.665191, 0.0124635;...
-8.50016, -40.6965, -2.17582, -10.2465, 1.19602, -0.663414, 0.0143289;...
-8.53165, -40.8088, -2.12129, -10.291, 1.19508, -0.661466, 0.0161443;...
-8.55419, -40.9177, -2.06803, -10.3346, 1.19395, -0.659352, 0.0179079;...
-8.56781, -41.0229, -2.01602, -10.3772, 1.19261, -0.657077, 0.0196186;...
-8.57251, -41.1244, -1.96531, -10.4187, 1.19107, -0.654641, 0.0212746;...
-8.56841, -41.2222, -1.91592, -10.4592, 1.18933, -0.652052, 0.0228752;...
-8.55544, -41.3161, -1.86787, -10.4987, 1.1874, -0.649314, 0.0244198;...
-8.53374, -41.4062, -1.82117, -10.537, 1.18526, -0.646433, 0.025908;...
-8.50333, -41.4922, -1.77587, -10.5743, 1.18295, -0.643414, 0.0273397;...
-8.46434, -41.5742, -1.73195, -10.6105, 1.18044, -0.640263, 0.0287148;...
-8.41677, -41.6522, -1.68946, -10.6456, 1.17776, -0.636987, 0.0300343;...
-8.36077, -41.726, -1.6484, -10.6795, 1.1749, -0.633594, 0.0312985;...
-8.29639, -41.7956, -1.6088, -10.7123, 1.17189, -0.630091, 0.0325084;...
-8.22371, -41.8611, -1.57068, -10.744, 1.16872, -0.626488, 0.0336654;...
-8.14291, -41.9223, -1.53404, -10.7746, 1.1654, -0.634653, 0.034771;...
-8.05403, -41.9792, -1.49891, -10.804, 1.16196, -0.630873, 0.0358264;...
-7.95717, -42.0319, -1.46532, -10.8324, 1.15839, -0.627018, 0.0368337;...
-7.85247, -42.0803, -1.43327, -10.8595, 1.15472, -0.623099, 0.0377951;...
-7.73998, -42.1244, -1.40278, -10.8856, 1.15095, -0.619126, 0.0387124;...
-7.6199, -42.1642, -1.37387, -10.9106, 1.1471, -0.615109, 0.0395882;...
-7.49229, -42.1997, -1.34657, -10.9345, 1.1432, -0.611062, 0.0404249;...
-7.35724, -42.231, -1.3209, -10.9572, 1.13925, -0.606993, 0.0412252;...
-7.21492, -42.2581, -1.29686, -10.979, 1.13527, -0.602917, 0.0419915;...
-7.06541, -42.2809, -1.27447, -10.9997, 1.13128, -0.598843, 0.042727;...
-6.90879, -42.2996, -1.25379, -11.0193, 1.1273, -0.594787, 0.0434342;...
-6.74524, -42.3141, -1.2348, -11.038, 1.12336, -0.590759, 0.0441162;...
-6.57483, -42.3245, -1.21755, -11.0557, 1.11947, -0.586772, 0.0447758;...
-6.39769, -42.3309, -1.20204, -11.0724, 1.11565, -0.582841, 0.045416;...
-6.21393, -42.3332, -1.1883, -11.0883, 1.11193, -0.578977, 0.0460398;...
-6.02365, -42.3317, -1.17636, -11.1032, 1.10833, -0.575193, 0.0466502;...
-5.827, -42.3262, -1.16622, -11.1174, 1.10487, -0.571504, 0.0472497;...
-5.62408, -42.3169, -1.15793, -11.1307, 1.10157, -0.567923, 0.0478417;...
-5.41501, -42.3038, -1.15149, -11.1432, 1.09846, -0.564461, 0.0484283;...
-5.1999, -42.2871, -1.14694, -11.155, 1.09556, -0.561133, 0.0490128;...
-4.97892, -42.2667, -1.14428, -11.1661, 1.09289, -0.557952, 0.0495973;...
-4.75215, -42.2428, -1.14354, -11.1765, 1.09047, -0.554929, 0.0501845;...
-4.51979, -42.2154, -1.14473, -11.1862, 1.08834, -0.552078, 0.0507768;...
-4.28192, -42.1845, -1.14787, -11.1954, 1.0865, -0.549409, 0.0513762;...
-4.03872, -42.1504, -1.15298, -11.2041, 1.08498, -0.546934, 0.0519847;...
-3.79033, -42.1129, -1.16007, -11.2122, 1.0838, -0.544665, 0.0526044;...
-3.53692, -42.0723, -1.16914, -11.2197, 1.08298, -0.542611, 0.0532368;...
-3.27865, -42.0188, -1.18023, -11.2269, 1.08254, -0.540783, 0.0538836;...
-3.01569, -41.972, -1.19332, -11.2336, 1.08249, -0.539191, 0.054546;...
-2.74823, -41.9221, -1.20842, -11.2399, 1.08285, -0.537842, 0.0552252;...
-2.47648, -41.8694, -1.22554, -11.2458, 1.08365, -0.536745, 0.0559223;...
-2.20062, -41.8138, -1.24468, -11.2513, 1.08488, -0.535905, 0.0566379;...
-1.92087, -41.7555, -1.26584, -11.2564, 1.08656, -0.535333, 0.0573727;...
-1.63746, -41.6943, -1.289, -11.2613, 1.08871, -0.53503, 0.058127;...
-1.35063, -41.6305, -1.31416, -11.2658, 1.09134, -0.535003, 0.0589013;...
-1.06062, -41.5641, -1.34131, -11.2699, 1.09445, -0.535255, 0.0596951;...
-0.767693, -41.4952, -1.37042, -11.2738, 1.09805, -0.53579, 0.0605086;...
-0.472118, -41.4237, -1.40149, -11.2773, 1.10215, -0.536608, 0.0613412;...
-0.174181, -41.3497, -1.43448, -11.2805, 1.10674, -0.537711, 0.0621926;...
0.125826, -41.2734, -1.46938, -11.2834, 1.11184, -0.5391, 0.0630617;...
0.427583, -41.1947, -1.50614, -11.2859, 1.11744, -0.540773, 0.0639481;...
0.730786, -41.1136, -1.54473, -11.288, 1.12353, -0.542727, 0.0648504;...
1.0351, -41.0302, -1.58513, -11.2897, 1.13013, -0.544961, 0.0657674;...
1.34019, -40.9446, -1.62728, -11.291, 1.13721, -0.54747, 0.066698;...
1.64569, -40.8568, -1.67114, -11.2919, 1.14479, -0.550249, 0.0676404;...
1.95125, -40.7667, -1.71665, -11.2923, 1.15284, -0.553293, 0.0685933;...
2.2565, -40.6745, -1.76377, -11.2921, 1.16136, -0.556594, 0.0695549;...
2.56104, -40.5802, -1.81243, -11.2914, 1.17034, -0.560145, 0.0705234;...
2.86451, -40.4838, -1.86259, -11.29, 1.17976, -0.563937, 0.0714968;...
3.16647, -40.3853, -1.91416, -11.288, 1.18962, -0.56796, 0.072473;...
3.46656, -40.2848, -1.96709, -11.2853, 1.19988, -0.572203, 0.07345;...
3.76441, -40.1823, -2.02131, -11.2818, 1.21055, -0.576656, 0.0744259;...
4.0595, -40.0778, -2.07672, -11.2774, 1.2151, -0.581304, 0.0753977;...
4.3515, -39.9713, -2.13328, -11.2722, 1.22651, -0.586136, 0.0763639;...
4.64001, -39.8629, -2.1909, -11.2661, 1.23825, -0.591137, 0.0773217;...
4.92457, -39.7527, -2.22595, -11.2589, 1.25032, -0.596292, 0.0782688;...
5.20478, -39.6405, -2.28544, -11.2507, 1.26268, -0.601585, 0.0792027;...
5.4802, -39.5266, -2.34572, -11.2414, 1.27531, -0.606999, 0.0801207;...
5.75051, -39.4109, -2.40674, -11.2308, 1.28819, -0.612517, 0.0810207;...
6.0152, -39.2934, -2.46837, -11.219, 1.30128, -0.618121, 0.0818996;...
6.27398, -39.1743, -2.53057, -11.2059, 1.31457, -0.623793, 0.0827553;...
6.52642, -39.0535, -2.59323, -11.1915, 1.32802, -0.62951, 0.0835848;...
6.77215, -38.9311, -2.65625, -11.1756, 1.34161, -0.635255, 0.0843855;...
7.01077, -38.8071, -2.71955, -11.1582, 1.35531, -0.641006, 0.0851548;...
7.242, -38.6816, -2.78305, -11.1393, 1.36908, -0.646741, 0.0858898;...
7.46544, -38.5547, -2.84666, -11.1188, 1.38291, -0.652437, 0.086588;...
7.68082, -38.4264, -2.91029, -11.0967, 1.39675, -0.658073, 0.0872463;...
7.88783, -38.2967, -2.97386, -11.0728, 1.41058, -0.663624, 0.0878624;...
8.08616, -38.1658, -3.0373, -11.0473, 1.42437, -0.669067, 0.0935477;...
8.27557, -38.0337, -3.10052, -11.02, 1.43808, -0.674376, 0.0940701;...
8.45575, -37.9005, -3.16342, -10.9908, 1.45169, -0.679527, 0.0945414;...
8.62659, -37.7662, -3.22598, -10.9599, 1.46516, -0.684495, 0.0949588;...
8.78783, -37.6309, -3.28811, -10.9271, 1.47847, -0.689255, 0.0953192;...
8.93924, -37.4948, -3.34972, -10.8924, 1.49159, -0.69378, 0.0956196;...
9.08078, -37.3578, -3.41078, -10.8558, 1.50448, -0.698044, 0.095857;...
9.21225, -37.22, -3.47123, -10.8174, 1.51712, -0.702022, 0.0960284;...
9.33354, -37.0816, -3.53102, -10.777, 1.52948, -0.705688, 0.0961305;...
9.44462, -36.9426, -3.59011, -10.7347, 1.54152, -0.709015, 0.0961602;...
9.54543, -36.8032, -3.64845, -10.6905, 1.55323, -0.711979, 0.0961144;...
9.63592, -36.6633, -3.70601, -10.6444, 1.56458, -0.714554, 0.0959896;...
9.71615, -36.5231, -3.76277, -10.5965, 1.57554, -0.716716, 0.0957826;...
9.78414, -36.3826, -3.81871, -10.5467, 1.58608, -0.71844, 0.0954896;...
9.84389, -36.242, -3.87382, -10.4952, 1.59619, -0.719703, 0.0951074;...
9.8935, -36.1014, -3.92808, -10.4418, 1.60584, -0.720484, 0.0946324;...
9.93315, -35.9607, -3.98153, -10.3868, 1.61501, -0.720762, 0.0940608;...
9.96293, -35.8202, -4.03414, -10.33, 1.62367, -0.720517, 0.0933887;...
9.98301, -35.6799, -4.08594, -10.2717, 1.63182, -0.719731, 0.0926128;...
9.9936, -35.5399, -4.13697, -10.2118, 1.63943, -0.718389, 0.0917286;...
9.99491, -35.4003, -4.18723, -10.1505, 1.64649, -0.716476, 0.0907327;...
9.98716, -35.2612, -4.23678, -10.0878, 1.65299, -0.713979, 0.0896207;...
9.97065, -35.1227, -4.28567, -10.0238, 1.6589, -0.71089, 0.0883887;...
9.94565, -34.9848, -4.33393, -9.95856, 1.66422, -0.707202, 0.087033;...
9.91243, -34.8477, -4.38163, -9.89227, 1.66893, -0.702909, 0.0855493;...
9.87134, -34.7116, -4.42883, -9.82502, 1.67304, -0.698009, 0.0839334;...
9.82273, -34.5764, -4.4756, -9.75691, 1.67652, -0.692507, 0.0821824;...
9.76694, -34.4423, -4.522, -9.68809, 1.67938, -0.674543, 0.0802919;...
9.7043, -34.3094, -4.56812, -9.61868, 1.68161, -0.66785, 0.0782584;...
9.63526, -34.178, -4.61404, -9.54884, 1.68321, -0.660577, 0.0760791;...
9.5601, -34.048, -4.65983, -9.47872, 1.68418, -0.652738, 0.073751;...
9.4793, -33.9196, -4.70558, -9.40847, 1.68451, -0.644352, 0.0712711;...
9.39321, -33.793, -4.75137, -9.33828, 1.68422, -0.635442, 0.0686383;...
9.30225, -33.6684, -4.7973, -9.2683, 1.68329, -0.626034, 0.0658516;...
9.20677, -33.5458, -4.84342, -9.19874, 1.68175, -0.616154, 0.0629091;...
9.10716, -33.4256, -4.88982, -9.12976, 1.67959, -0.605836, 0.059812;...
9.00377, -33.3078, -4.93658, -9.06156, 1.67683, -0.595115, 0.0565614;...
8.89705, -33.1926, -4.98379, -8.99435, 1.67347, -0.584028, 0.0531589;...
8.78726, -33.0803, -5.03148, -8.92832, 1.66954, -0.572618, 0.0496088;...
8.67477, -32.971, -5.07974, -8.86369, 1.66503, -0.560928, 0.045915;...
8.55988, -32.865, -5.1286, -8.80065, 1.65998, -0.549004, 0.0420835;...
8.44288, -32.7625, -5.17811, -8.73941, 1.65439, -0.536891, 0.0381224;...
8.32405, -32.6637, -5.22833, -8.6802, 1.64829, -0.52464, 0.0340393;...
8.20362, -32.5689, -5.27925, -8.6232, 1.6417, -0.512299, 0.0298463;...
8.08175, -32.4782, -5.3309, -8.56863, 1.63464, -0.499919, 0.0255551;...
7.95864, -32.392, -5.38328, -8.51668, 1.62714, -0.487552, 0.02118;...
7.83441, -32.3104, -5.43639, -8.46758, 1.61921, -0.475246, 0.0167359;...
7.70921, -32.2337, -5.49023, -8.42148, 1.6109, -0.463052, 0.0122419;...
7.583, -32.1719, -5.54473, -8.3786, 1.60223, -0.451015, 0.00771528;...
7.4559, -32.1057, -5.59989, -8.33909, 1.59323, -0.439184, 0.0031779;...
7.32787, -32.045, -5.65565, -8.30314, 1.58393, -0.427602, -0.00134852;...
7.19883, -31.99, -5.71195, -8.27086, 1.57436, -0.416307, -0.00584051;...
7.06866, -31.941, -5.76871, -8.24243, 1.56455, -0.405338, -0.010273;...
6.93732, -31.898, -5.82588, -8.21797, 1.55455, -0.394731, -0.0146209;...
6.80456, -31.8613, -5.88335, -8.19757, 1.54437, -0.384512, -0.0188574;...
6.67023, -31.8309, -5.94105, -8.18136, 1.53405, -0.374708, -0.0229564;...
6.53406, -31.807, -5.99886, -8.16939, 1.52363, -0.365341, -0.0268906;...
6.39582, -31.7897, -6.0567, -8.16176, 1.51313, -0.356425, -0.0306334;...
6.25524, -31.7789, -6.11447, -8.15847, 1.50259, -0.347973, -0.0341587;...
6.112, -31.7747, -6.17206, -8.15959, 1.49202, -0.339988, -0.0374417;...
5.96574, -31.7771, -6.22935, -8.16509, 1.48146, -0.332473, -0.0404569;...
5.8162, -31.7862, -6.28628, -8.17501, 1.47094, -0.325425, -0.0431841;...
5.66295, -31.8017, -6.34272, -8.18927, 1.46046, -0.318833, -0.0456007;...
5.50575, -31.8236, -6.3986, -8.20788, 1.45005, -0.312682, -0.0476901;...
5.34416, -31.8518, -6.45381, -8.23075, 1.43973, -0.306954, -0.049436;...
5.17784, -31.8861, -6.50828, -8.25781, 1.4295, -0.301627, -0.0508257;...
5.00652, -31.9265, -6.56195, -8.28899, 1.41939, -0.296673, -0.0518497;...
4.82988, -31.9726, -6.61475, -8.32417, 1.40938, -0.292061, -0.0525021;...
4.64759, -32.0243, -6.66663, -8.36324, 1.39949, -0.287759, -0.052779;...
4.45937, -32.0813, -6.71755, -8.40606, 1.38971, -0.283729, -0.0526822;...
4.26504, -32.1434, -6.76748, -8.45253, 1.38004, -0.279933, -0.0522158;...
4.06434, -32.2103, -6.81641, -8.50248, 1.37048, -0.27633, -0.0513883;...
3.85713, -32.2818, -6.86432, -8.55576, 1.361, -0.272879, -0.0502108;...
3.64325, -32.3575, -6.91122, -8.6122, 1.3516, -0.269536, -0.0486982;...
3.42261, -32.4372, -6.95712, -8.67167, 1.34228, -0.26626, -0.04687;...
3.1952, -32.5205, -7.00205, -8.73397, 1.33299, -0.263007, -0.0447468;...
2.96099, -32.6072, -7.04603, -8.79894, 1.32374, -0.259737, -0.0423531;...
2.72003, -32.697, -7.08912, -8.86642, 1.31449, -0.256409, -0.0397157;...
2.47241, -32.7897, -7.13136, -8.93623, 1.30523, -0.252986, -0.0368638;...
2.21826, -32.8848, -7.17278, -9.00821, 1.29594, -0.249428, -0.0338277;...
1.95779, -32.9822, -7.21349, -9.08217, 1.28659, -0.245705, -0.0306389;...
1.69122, -33.0816, -7.2535, -9.15793, 1.27716, -0.241783, -0.0273306;...
1.41884, -33.1828, -7.2929, -9.23535, 1.26763, -0.237635, -0.0239358;...
1.14094, -33.2856, -7.33175, -9.31427, 1.25798, -0.233237, -0.020489;...
0.857924, -33.3897, -7.37012, -9.39448, 1.24819, -0.228566, -0.0170215;...
0.570145, -33.4949, -7.40804, -9.47588, 1.23824, -0.223606, -0.0135665;...
0.278104, -33.6012, -7.4456, -9.55826, 1.22812, -0.218342, -0.010155;...
-0.0178051, -33.7082, -7.48283, -9.64151, 1.21782, -0.212764, -0.0068163;...
-0.31703, -33.8159, -7.51979, -9.72545, 1.20732, -0.206866, -0.00357796;...
-0.61906, -33.9241, -7.55652, -9.80993, 1.19661, -0.200644, -0.000466024;...
-0.923344, -34.0327, -7.59304, -9.89481, 1.18569, -0.194101, 0.00249659;...
-1.22932, -34.1417, -7.62938, -9.97993, 1.17456, -0.187238, 0.00528885;...
-1.53641, -34.2509, -7.66555, -10.0652, 1.16321, -0.180066, 0.00789306;...
-1.84402, -34.3602, -7.70155, -10.1504, 1.15165, -0.172595, 0.0102934;...
-2.15156, -34.4696, -7.73739, -10.2354, 1.13987, -0.164836, 0.0124776;...
-2.45838, -34.579, -7.77305, -10.3201, 1.12789, -0.156807, 0.0144356;...
-2.7639, -34.6884, -7.80849, -10.4043, 1.11572, -0.148527, 0.0161607;...
-3.06758, -34.7978, -7.84369, -10.4879, 1.10337, -0.140015, 0.0176489;...
-3.36874, -34.907, -7.8786, -10.5708, 1.09085, -0.131295, 0.0188983;...
-3.66681, -35.016, -7.91317, -10.6528, 1.07818, -0.12239, 0.0199091;...
-3.9613, -35.1249, -7.94734, -10.7338, 1.06537, -0.113327, 0.0206859;...
-4.25155, -35.2335, -7.98105, -10.8137, 1.05244, -0.104129, 0.0212323;...
-4.53709, -35.3419, -8.0142, -10.8923, 1.03942, -0.0948247, 0.0215568;...
-4.81738, -35.4499, -8.04672, -10.9695, 1.02633, -0.0854406, 0.0216677;...
-5.09196, -35.5575, -8.07853, -11.0452, 1.01318, -0.0760038, 0.0215754;...
-5.36038, -35.6648, -8.10952, -11.1193, 1.00002, -0.0665442, 0.0212915;...
-5.62217, -35.7716, -8.1396, -11.1916, 0.986851, -0.0570853, 0.0208287;...
-5.87694, -35.8779, -8.16869, -11.262, 0.973707, -0.0476551, 0.0202005;...
-6.12431, -35.9836, -8.19668, -11.3305, 0.960617, -0.0382795, 0.0194209;...
-6.36395, -36.0887, -8.22345, -11.3969, 0.947609, -0.0289819, 0.0185045;...
-6.59561, -36.193, -8.24892, -11.4611, 0.934712, -0.0197888, 0.0174663;...
-6.81893, -36.2965, -8.27298, -11.5231, 0.921946, -0.0107196, 0.0163203;...
-7.03375, -36.3991, -8.29554, -11.5828, 0.90935, -0.00179871, 0.0150822;...
-7.23984, -36.5007, -8.31649, -11.64, 0.896947, 0.00695555, 0.0137659;...
-7.43705, -36.6012, -8.33575, -11.6948, 0.884767, 0.0155241, 0.0123856;...
-7.62526, -36.7005, -8.35324, -11.7471, 0.872838, 0.0238887, 0.0109549;...
-7.80433, -36.7985, -8.36887, -11.7968, 0.86119, 0.0320341, 0.00948629;...
-7.97421, -36.895, -8.38256, -11.8438, 0.849851, 0.039945, 0.00799276;...
-8.1349, -36.99, -8.39425, -11.8883, 0.838852, 0.0357478, 0.00648569;...
-8.2864, -37.0832, -8.40388, -11.9301, 0.828209, 0.0431557, 0.00497572;...
-8.42874, -37.1747, -8.41136, -11.9693, 0.817987, 0.050288, 0.00347384;...
-8.56193, -37.2642, -8.41667, -12.0058, 0.808185, 0.0571426, 0.00198858;...
-8.68612, -37.3515, -8.41979, -12.0396, 0.798811, 0.0637168, 0.00052805;...
-8.80142, -37.4367, -8.42065, -12.0709, 0.789944, 0.0699906, -0.000898663;...
-8.90795, -37.5195, -8.41925, -12.0995, 0.781581, 0.0759651, -0.00228572;...
-9.00584, -37.5998, -8.41556, -12.1256, 0.773746, 0.0816365, -0.00362686;...
-9.09532, -37.6774, -8.40959, -12.1492, 0.766472, 0.0869992, -0.00491635;...
-9.17657, -37.7523, -8.40133, -12.1703, 0.759786, 0.0920488, -0.00614948;...
-9.24978, -37.8243, -8.39078, -12.189, 0.75371, 0.0967853, -0.00732249;...
-9.31516, -37.8933, -8.378, -12.2054, 0.748246, 0.101209, -0.0084323;...
-9.37301, -37.9591, -8.36294, -12.2196, 0.743471, 0.105308, -0.00947473;...
-9.42355, -38.0217, -8.34571, -12.2315, 0.74586, 0.109091, -0.0104488;...
-9.46699, -38.0808, -8.32631, -12.2413, 0.742434, 0.112557, -0.0113523;...
-9.50366, -38.1366, -8.30479, -12.2492, 0.739747, 0.115698, -0.0121834;...
-9.53378, -38.1887, -8.2812, -12.2551, 0.737791, 0.118521, -0.0129419;...
-9.55762, -38.2372, -8.25561, -12.2592, 0.736589, 0.121023, -0.0136268;...
-9.57547, -38.282, -8.2281, -12.2615, 0.736139, 0.123208, -0.0142382;...
-9.58757, -38.323, -8.1987, -12.2622, 0.736486, 0.12507, -0.0147756;...
-9.59418, -38.36, -8.1675, -12.2613, 0.737616, 0.126613, -0.0152397;...
-9.59557, -38.3932, -8.13461, -12.259, 0.739528, 0.127844, -0.0156318;...
-9.59202, -38.4225, -8.10009, -12.2553, 0.742261, 0.128751, -0.0159512;...
-9.58373, -38.4477, -8.06398, -12.2503, 0.745825, 0.129336, -0.0161992;...
-9.57094, -38.469, -8.02645, -12.2442, 0.750186, 0.129607, -0.0163775;...
-9.55392, -38.4862, -7.98755, -12.2369, 0.755356, 0.129562, -0.0164872;...
-9.53289, -38.4995, -7.94736, -12.2287, 0.761366, 0.129194, -0.0165289;...
-9.50798, -38.5087, -7.92952, -12.2195, 0.768182, 0.12851, -0.0165044;...
-9.47948, -38.514, -7.88707, -12.2095, 0.775807, 0.127509, -0.016415;...
-9.44751, -38.5154, -7.84361, -12.1986, 0.784235, 0.126189, -0.0162625;...
-9.41228, -38.5129, -7.79926, -12.1871, 0.793457, 0.124553, -0.0160484;...
-9.37396, -38.5066, -7.7541, -12.175, 0.803464, 0.122597, -0.0157739;...
-9.33071, -38.4966, -7.70822, -12.1622, 0.814236, 0.120325, -0.0154414;...
-9.28656, -38.4829, -7.66172, -12.1489, 0.825761, 0.117737, -0.0150519;...
-9.23969, -38.4656, -7.61468, -12.1351, 0.838022, 0.114833, -0.0146077;...
-9.19023, -38.4449, -7.5672, -12.1209, 0.850999, 0.111613, -0.0141103;...
-9.13825, -38.4209, -7.51935, -12.1063, 0.864669, 0.108079, -0.0135617;...
-9.08382, -38.3936, -7.47122, -12.0914, 0.879011, 0.104233, -0.0129637;...
-9.02701, -38.3632, -7.4229, -12.0761, 0.893996, 0.100076, -0.0123185;...
-8.96789, -38.3299, -7.37446, -12.0604, 0.909601, 0.0956102, -0.011628;...
-8.90646, -38.2937, -7.32597, -12.0445, 0.925789, 0.0908404, -0.0108943;...
-8.84276, -38.2549, -7.2775, -12.0284, 0.942537, 0.0857685, -0.0101197;...
-8.7768, -38.2136, -7.22913, -12.0119, 0.959809, 0.0803995, -0.00930659;...
-8.70859, -38.1603, -7.18093, -11.9952, 0.977573, 0.0747366, -0.00845714;...
-8.63809, -38.1145, -7.13295, -11.9783, 0.995792, 0.068787, -0.00757406;...
-8.56533, -38.0668, -7.08524, -11.9611, 1.01444, 0.0625535, -0.0117743;...
-8.4902, -38.0173, -7.03788, -11.9437, 1.03346, 0.0560459, -0.0108314;...
-8.41273, -37.9662, -6.99091, -11.926, 1.05284, 0.0492697, -0.00986278;...
-8.33279, -37.9136, -6.94438, -11.9081, 1.07252, 0.0422354, -0.00887178;...
-8.25038, -37.8599, -6.89832, -11.8898, 1.09247, 0.0349501, -0.00786083;...
-8.16542, -37.805, -6.8528, -11.8714, 1.11265, 0.0274222, -0.00683346;...
-8.07779, -37.7494, -6.80784, -11.8526, 1.13303, 0.0196646, -0.00579323;...
-7.98745, -37.6931, -6.76349, -11.8336, 1.15355, 0.0116865, -0.00474329;...
-7.89431, -37.6363, -6.71979, -11.8142, 1.17419, 0.00350004, -0.00368757;...
-7.79822, -37.5792, -6.67674, -11.7945, 1.1949, -0.00488234, -0.00262951;...
-7.69915, -37.5221, -6.63441, -11.7745, 1.21564, -0.0134478, -0.00157313;...
-7.59697, -37.465, -6.59279, -11.7542, 1.23638, -0.022183, -0.000522392;...
-7.49155, -37.4082, -6.55193, -11.7335, 1.25708, -0.0310742, 0.000518569;...
-7.38284, -37.3518, -6.51184, -11.7125, 1.27769, -0.0401069, 0.00154569;...
-7.27067, -37.296, -6.47253, -11.6911, 1.29819, -0.0492664, 0.00255461;...
-7.15502, -37.241, -6.43404, -11.6693, 1.31855, -0.0585387, 0.00354089;...
-7.03572, -37.1869, -6.39637, -11.6472, 1.33872, -0.067908, 0.00450015;...
-6.91269, -37.1338, -6.35954, -11.6247, 1.35868, -0.0773586, 0.00542815;...
-6.78585, -37.0819, -6.32356, -11.6018, 1.37839, -0.0868763, 0.00632025;...
-6.65509, -37.0313, -6.28845, -11.5785, 1.39783, -0.0964454, 0.00717201;...
-6.52036, -36.9822, -6.2542, -11.5549, 1.41696, -0.106051, 0.00797933;...
-6.38154, -36.9345, -6.22083, -11.531, 1.43577, -0.115679, 0.00873751;...
-6.2386, -36.8885, -6.18835, -11.5067, 1.45423, -0.125314, 0.00944265;...
-6.09146, -36.8442, -6.15676, -11.482, 1.47231, -0.134942, 0.0100904;...
-5.94009, -36.8018, -6.12606, -11.4571, 1.49, -0.144551, 0.0106768;...
-5.78446, -36.7611, -6.09627, -11.4318, 1.50729, -0.154127, 0.0111983;...
-5.62452, -36.7224, -6.06737, -11.4062, 1.52414, -0.163658, 0.0116513;...
-5.4603, -36.6856, -6.03939, -11.3805, 1.54056, -0.173131, 0.0120326;...
-5.29177, -36.6509, -6.0123, -11.3544, 1.55653, -0.182537, 0.0123391;...
-5.11895, -36.6181, -5.98612, -11.3282, 1.57204, -0.191864, 0.012568;...
-4.94189, -36.5874, -5.96084, -11.3018, 1.58708, -0.201105, 0.0127172;...
-4.76064, -36.5586, -5.93646, -11.2753, 1.60166, -0.210249, 0.0127847;...
-4.57525, -36.5319, -5.91298, -11.2486, 1.61576, -0.21929, 0.012769;...
-4.38582, -36.5072, -5.89039, -11.2219, 1.62939, -0.228222, 0.0126687;...
-4.19245, -36.4844, -5.86868, -11.1952, 1.64254, -0.237037, 0.0124834;...
-3.99524, -36.4636, -5.84786, -11.1685, 1.65523, -0.245732, 0.0122126;...
-3.79434, -36.4446, -5.82792, -11.1418, 1.66745, -0.254302, 0.0118567;...
-3.58989, -36.4275, -5.80884, -11.1152, 1.67922, -0.262743, 0.0114163;...
-3.38207, -36.4121, -5.79062, -11.0887, 1.69053, -0.271055, 0.0108925;...
-3.17106, -36.3985, -5.77326, -11.0624, 1.70141, -0.279235, 0.0102869;...
-2.95706, -36.3864, -5.75673, -11.0364, 1.71186, -0.287281, 0.00960187;...
-2.74027, -36.3759, -5.74103, -11.0105, 1.72189, -0.295196, 0.00883931;...
-2.52095, -36.3669, -5.72615, -10.985, 1.73152, -0.302977, 0.00800288;...
-2.29934, -36.3593, -5.71207, -10.9598, 1.74077, -0.310627, 0.00709555;...
-2.07568, -36.3529, -5.69878, -10.935, 1.74964, -0.318147, 0.00612101;...
-1.85025, -36.3478, -5.68627, -10.9107, 1.75815, -0.32554, 0.0050835;...
-1.62337, -36.3437, -5.67451, -10.8868, 1.76632, -0.332808, 0.00398762;...
-1.39528, -36.3407, -5.66351, -10.8633, 1.77417, -0.339953, 0.0028378;...
-1.16633, -36.3386, -5.65322, -10.8404, 1.78171, -0.346979, 0.0016393;...
-0.936814, -36.3372, -5.64365, -10.8181, 1.78896, -0.35389, 0.000397189;...
-0.707055, -36.3367, -5.63476, -10.7964, 1.79594, -0.360688, -0.000883133;...
-0.477378, -36.3367, -5.62655, -10.7753, 1.80266, -0.367377, -0.0021962;...
-0.248116, -36.3373, -5.619, -10.7548, 1.80914, -0.373961, -0.00353648;...
-0.0196037, -36.3383, -5.61207, -10.735, 1.81539, -0.380443, -0.0048984;...
0.207817, -36.3397, -5.60576, -10.7159, 1.82143, -0.386827, -0.0062762;...
0.433813, -36.3413, -5.60005, -10.6976, 1.82728, -0.393117, -0.00766439;...
0.658046, -36.3431, -5.5949, -10.6799, 1.83295, -0.399315, -0.00905761;...
0.880182, -36.3451, -5.59031, -10.663, 1.83844, -0.405425, -0.0104505;...
1.09988, -36.3471, -5.58625, -10.6468, 1.84378, -0.411449, -0.0118378;...
1.31683, -36.3491, -5.5827, -10.6314, 1.84898, -0.41739, -0.0132147;...
1.53069, -36.351, -5.57964, -10.6168, 1.85403, -0.423251, -0.0145763;...
1.74116, -36.3528, -5.57704, -10.6029, 1.85897, -0.429032, -0.0159183;...
1.94792, -36.3543, -5.57489, -10.5898, 1.86378, -0.434737, -0.0172365;...
2.15068, -36.3557, -5.57318, -10.5775, 1.86849, -0.440366, -0.018527;...
2.34915, -36.3567, -5.57187, -10.5659, 1.87309, -0.445921, -0.0197864;...
2.54306, -36.3575, -5.57095, -10.5551, 1.87759, -0.451403, -0.0210114;...
2.73213, -36.3579, -5.57039, -10.545, 1.882, -0.456811, -0.0221991;...
2.91613, -36.3579, -5.57019, -10.5356, 1.88633, -0.462147, -0.0233472;...
3.09481, -36.3576, -5.57032, -10.527, 1.89056, -0.46741, -0.0244534;...
3.26791, -36.3569, -5.57077, -10.519, 1.89471, -0.4726, -0.0255158;...
3.43528, -36.3558, -5.57151, -10.496, 1.89878, -0.477717, -0.0265333;...
3.59669, -36.3543, -5.57254, -10.4894, 1.90277, -0.482759, -0.0275046;...
3.75197, -36.3525, -5.57383, -10.4835, 1.90668, -0.487727, -0.028429;...
3.90096, -36.3502, -5.57538, -10.4782, 1.91051, -0.492618, -0.0293062;...
4.0435, -36.3477, -5.57716, -10.4736, 1.91426, -0.497433, -0.0301358;...
4.17945, -36.3448, -5.57917, -10.4695, 1.91793, -0.502169, -0.0309181;...
4.30873, -36.3416, -5.58139, -10.466, 1.92152, -0.506826, -0.0316536;...
4.43121, -36.3382, -5.5838, -10.4631, 1.92503, -0.511401, -0.0323429;...
4.54682, -36.3346, -5.58641, -10.4608, 1.92845, -0.515894, -0.0329869;...
4.65547, -36.3308, -5.5892, -10.4589, 1.93179, -0.520304, -0.0335866;...
4.75717, -36.3269, -5.59215, -10.4576, 1.93505, -0.524628, -0.0341436;...
4.85183, -36.3229, -5.59526, -10.4567, 1.93821, -0.528867, -0.034659;...
4.93944, -36.3189, -5.59853, -10.4564, 1.9413, -0.533018, -0.0351347;...
5.02004, -36.3149, -5.60194, -10.4565, 1.94429, -0.537081, -0.0355722;...
5.09357, -36.311, -5.60549, -10.457, 1.9472, -0.541055, -0.0359735;...
5.16009, -36.3073, -5.60917, -10.458, 1.95001, -0.54494, -0.0363402;...
5.21966, -36.3038, -5.61297, -10.4593, 1.95274, -0.548734, -0.0366746;...
5.27233, -36.3006, -5.6169, -10.4611, 1.95539, -0.552437, -0.0369786;...
5.3181, -36.2978, -5.62094, -10.4633, 1.95794, -0.55605, -0.0372538;...
5.35714, -36.2954, -5.6251, -10.4659, 1.96041, -0.559572, -0.0375028;...
5.38948, -36.2935, -5.62937, -10.4689, 1.9628, -0.563003, -0.0377272;...
5.41523, -36.2921, -5.63375, -10.4722, 1.9651, -0.566345, -0.037929;...
5.43449, -36.2914, -5.63823, -10.4759, 1.96733, -0.569597, -0.0381101;...
5.44742, -36.2914, -5.64282, -10.48, 1.96947, -0.572761, -0.0382725;...
5.45411, -36.2922, -5.64751, -10.4845, 1.97154, -0.575838, -0.038418;...
5.45469, -36.2938, -5.65231, -10.4893, 1.97355, -0.578829, -0.0385482;...
5.44933, -36.2963, -5.6572, -10.4945, 1.97548, -0.581736, -0.0386648;...
5.4382, -36.2997, -5.6622, -10.5, 1.97735, -0.584561, -0.0387694;...
5.42139, -36.3042, -5.6673, -10.5059, 1.97916, -0.587305, -0.0388634;...
5.39913, -36.3097, -5.6725, -10.5122, 1.98091, -0.589971, -0.0389483;...
5.37156, -36.3164, -5.67781, -10.5188, 1.98261, -0.592561, -0.0390253;...
5.33886, -36.3242, -5.68322, -10.5258, 1.98427, -0.595077, -0.0390954;...
5.30122, -36.3333, -5.68873, -10.5332, 1.98588, -0.597523, -0.0391599;...
5.25877, -36.3437, -5.69435, -10.541, 1.98746, -0.599901, -0.0392196;...
5.21174, -36.3554, -5.70008, -10.5491, 1.98901, -0.602214, -0.0392756;...
5.16031, -36.3684, -5.70591, -10.5576, 1.99054, -0.604465, -0.0393284;...
5.10467, -36.3829, -5.71185, -10.5666, 1.99204, -0.606656, -0.0393788;...
5.04496, -36.3987, -5.71789, -10.5759, 1.99353, -0.608792, -0.0394273;...
4.98143, -36.416, -5.72405, -10.5856, 1.99501, -0.610875, -0.0394744;...
4.91422, -36.4348, -5.73032, -10.5957, 1.99649, -0.612909, -0.0395203;...
4.84359, -36.4551, -5.7367, -10.6063, 1.99797, -0.614897, -0.0395656;...
4.76964, -36.477, -5.74319, -10.6172, 1.99946, -0.616842, -0.0396103;...
4.69261, -36.5003, -5.74979, -10.6286, 2.00095, -0.618747, -0.0396545;...
4.61271, -36.5252, -5.7565, -10.6404, 2.00247, -0.620615, -0.0396985;...
4.53008, -36.5515, -5.76333, -10.6526, 2.004, -0.622451, -0.0397421;...
4.44491, -36.5795, -5.77026, -10.6652, 2.00557, -0.624256, -0.0397851;...
4.35737, -36.6089, -5.77731, -10.6783, 2.00716, -0.626034, -0.0398276;...
4.2677, -36.6399, -5.78446, -10.6918, 2.00879, -0.627788, -0.0398693;...
4.17605, -36.6724, -5.79172, -10.7056, 2.01046, -0.629521, -0.0399101;...
4.08257, -36.7063, -5.79909, -10.72, 2.01217, -0.631235, -0.0399495;...
3.98742, -36.7418, -5.80656, -10.7347, 2.01392, -0.632934, -0.0399874;...
3.89085, -36.7786, -5.81414, -10.7498, 2.01573, -0.634619, -0.0400234;...
3.79296, -36.8169, -5.82181, -10.7654, 2.01758, -0.636293, -0.0400572;...
3.69394, -36.8566, -5.82958, -10.7813, 2.01949, -0.637958, -0.0400883;...
3.59395, -36.8976, -5.83745, -10.7977, 2.02146, -0.639617, -0.0401163;...
3.49314, -36.9399, -5.84541, -10.8144, 2.02348, -0.641271, -0.0401409;...
3.39168, -36.9835, -5.85345, -10.8315, 2.02557, -0.642922, -0.0401617;...
3.28972, -37.0283, -5.86157, -10.849, 2.02771, -0.644571, -0.0401782;...
3.1874, -37.0742, -5.86977, -10.8668, 2.02992, -0.646221, -0.0401899;...
3.08488, -37.1213, -5.87804, -10.885, 2.03219, -0.647872, -0.0401966;...
2.98229, -37.1694, -5.88639, -10.9034, 2.03452, -0.649526, -0.0401978;...
2.87978, -37.2186, -5.89479, -10.9223, 2.03692, -0.651183, -0.0401931;...
2.77749, -37.2687, -5.90325, -10.9414, 2.03938, -0.652845, -0.0401821;...
2.67554, -37.3197, -5.91176, -10.9607, 2.0419, -0.654511, -0.0401646;...
2.57408, -37.3715, -5.92031, -10.9804, 2.04447, -0.656183, -0.04014;...
2.47322, -37.4241, -5.9289, -11.0003, 2.04711, -0.65786, -0.0401081;...
2.37309, -37.4773, -5.93752, -11.0204, 2.04981, -0.659543, -0.0400687;...
2.27381, -37.5312, -5.94616, -11.0408, 2.05256, -0.661232, -0.0400215;...
2.1755, -37.5857, -5.95481, -11.0613, 2.05537, -0.662926, -0.0399661;...
2.07828, -37.6406, -5.96348, -11.0819, 2.05822, -0.664626, -0.0399025;...
1.98225, -37.696, -5.97214, -11.1028, 2.05462, -0.666331, -0.0398303;...
1.88752, -37.7517, -5.9808, -11.1237, 2.05757, -0.668039, -0.0397495;...
1.79419, -37.8076, -5.98943, -11.1447, 2.06057, -0.669751, -0.0396599;...
1.70237, -37.8638, -5.99805, -11.1658, 2.0636, -0.671466, -0.0395615;...
1.61215, -37.9201, -6.00663, -11.187, 2.06667, -0.673183, -0.0394541;...
1.52364, -37.9764, -6.01516, -11.2082, 2.06976, -0.6749, -0.0393377;...
1.43691, -38.0327, -6.02365, -11.2451, 2.07289, -0.676617, -0.0392123;...
1.35205, -38.0889, -6.03207, -11.2662, 2.07604, -0.678332, -0.039078;...
1.26916, -38.1449, -6.04043, -11.2873, 2.07921, -0.680044, -0.0389347;...
1.1883, -38.2006, -6.0487, -11.3083, 2.0824, -0.681751, -0.0387825;...
1.10957, -38.256, -6.05689, -11.3292, 2.0856, -0.683453, -0.0386216;...
1.03302, -38.311, -6.06499, -11.3499, 2.0888, -0.685147, -0.0384521;...
0.958739, -38.3655, -6.07298, -11.3705, 2.09201, -0.686832, -0.0382741;...
0.886784, -38.4194, -6.08085, -11.3909, 2.09521, -0.688506, -0.0380878;...
0.817218, -38.4728, -6.08861, -11.411, 2.09841, -0.690169, -0.0378935;...
0.750101, -38.5254, -6.09623, -11.4309, 2.10159, -0.691817, -0.0376912;...
0.685487, -38.5772, -6.10371, -11.4506, 2.10476, -0.693449, -0.0374814;...
0.623428, -38.6282, -6.11104, -11.4699, 2.1079, -0.695064, -0.0321494;...
0.563975, -38.6783, -6.11821, -11.4889, 2.11102, -0.69666, -0.0319251;...
0.507168, -38.7274, -6.12522, -11.5076, 2.11411, -0.698234, -0.031694;...
0.453048, -38.7754, -6.13206, -11.5258, 2.11716, -0.699786, -0.0314565;...
0.401651, -38.8224, -6.13872, -11.5437, 2.12017, -0.701313, -0.0312128;...
0.353012, -38.8681, -6.14518, -11.5612, 2.12314, -0.702814, -0.0309634;...
0.307156, -38.9127, -6.15145, -11.5782, 2.12605, -0.704287, -0.0307085;...
0.264107, -38.9559, -6.15752, -11.5947, 2.12891, -0.705731, -0.0304485;...
0.223887, -38.9978, -6.16337, -11.6107, 2.13171, -0.707143, -0.0301838;...
0.186511, -39.0383, -6.16901, -11.6262, 2.13445, -0.708521, -0.0299148;...
0.151991, -39.0773, -6.17443, -11.6412, 2.13712, -0.709866, -0.0296419;...
0.120336, -39.1148, -6.17961, -11.6556, 2.13972, -0.711173, -0.0293655;...
0.0915489, -39.1508, -6.18456, -11.6694, 2.14225, -0.712443, -0.0290859;...
0.0656298, -39.1851, -6.18927, -11.6826, 2.14469, -0.713674, -0.0288036;...
0.0425748, -39.2178, -6.19373, -11.6952, 2.14705, -0.714864, -0.028519;...
0.0223745, -39.2488, -6.19794, -11.7072, 2.14932, -0.716012, -0.0282325;...
0.00501728, -39.278, -6.2019, -11.7027, 2.1515, -0.717116, -0.0279445;...]